"SoftPlot Measurement Presentation"
"Start", 3.000000000000000E+0005
"Stop", 6.000000000000000E+0009
"Points",801
"Point","X-Axis (Hz)","REF (re)","REF (im)","UUT (re)","UUT (im)","S13 (re)","S13 (im)"
1,300000.000000476837,-15.485055923462,0.000000000000,-68.693885803223,0.000000000000,53.208829879761,0.000000000000
2,303736.890264987946,-15.483180046082,0.000000000000,-68.612594604492,0.000000000000,53.129414558411,0.000000000000
3,307520.328358650208,-15.483347892761,0.000000000000,-68.507682800293,0.000000000000,53.024334907532,0.000000000000
4,311350.894090652466,-15.481554985046,0.000000000000,-68.740730285645,0.000000000000,53.259175300598,0.000000000000
5,315229.174507141113,-15.479965209961,0.000000000000,-68.405212402344,0.000000000000,52.925247192383,0.000000000000
6,319155.763951301575,-15.477963447571,0.000000000000,-68.558120727539,0.000000000000,53.080157279968,0.000000000000
7,323131.264174938202,-15.479039192200,0.000000000000,-68.466606140137,0.000000000000,52.987566947937,0.000000000000
8,327156.284425735474,-15.476124763489,0.000000000000,-68.566291809082,0.000000000000,53.090167045593,0.000000000000
9,331231.441539764404,-15.475121498108,0.000000000000,-68.498085021973,0.000000000000,53.022963523865,0.000000000000
10,335357.360031127930,-15.475380897522,0.000000000000,-68.453315734863,0.000000000000,52.977934837341,0.000000000000
11,339534.672210693359,-15.475038528442,0.000000000000,-68.505142211914,0.000000000000,53.030103683472,0.000000000000
12,343764.018247127533,-15.471672058105,0.000000000000,-68.490364074707,0.000000000000,53.018692016602,0.000000000000
13,348046.046290397644,-15.471199035645,0.000000000000,-68.617195129395,0.000000000000,53.145996093750,0.000000000000
14,352381.412563800812,-15.470060348511,0.000000000000,-68.649482727051,0.000000000000,53.179422378540,0.000000000000
15,356770.781457424164,-15.469661712646,0.000000000000,-68.515434265137,0.000000000000,53.045772552490,0.000000000000
16,361214.825656890869,-15.468213081360,0.000000000000,-68.587219238281,0.000000000000,53.119006156921,0.000000000000
17,365714.226208209991,-15.469218254089,0.000000000000,-68.480758666992,0.000000000000,53.011540412903,0.000000000000
18,370269.672646522522,-15.466120719910,0.000000000000,-68.590637207031,0.000000000000,53.124516487122,0.000000000000
19,374881.863096237183,-15.464775085449,0.000000000000,-68.464485168457,0.000000000000,52.999710083008,0.000000000000
20,379551.504377841949,-15.464878082275,0.000000000000,-68.487922668457,0.000000000000,53.023044586182,0.000000000000
21,384279.312109947205,-15.463629722595,0.000000000000,-68.400321960449,0.000000000000,52.936692237854,0.000000000000
22,389066.010843753815,-15.461236000061,0.000000000000,-68.574165344238,0.000000000000,53.112929344177,0.000000000000
23,393912.334137439728,-15.460893630981,0.000000000000,-68.564765930176,0.000000000000,53.103872299194,0.000000000000
24,398819.024692535400,-15.459739685059,0.000000000000,-68.420791625977,0.000000000000,52.961051940918,0.000000000000
25,403786.834461212158,-15.458577156067,0.000000000000,-68.325630187988,0.000000000000,52.867053031921,0.000000000000
26,408816.524763107300,-15.457592010498,0.000000000000,-68.541870117188,0.000000000000,53.084278106689,0.000000000000
27,413908.866394042969,-15.457998275757,0.000000000000,-68.520210266113,0.000000000000,53.062211990356,0.000000000000
28,419064.639770984650,-15.456172943115,0.000000000000,-68.519149780273,0.000000000000,53.062976837158,0.000000000000
29,424284.635012626648,-15.456134796143,0.000000000000,-68.562110900879,0.000000000000,53.105976104736,0.000000000000
30,429569.652085781097,-15.455962181091,0.000000000000,-68.603363037109,0.000000000000,53.147400856018,0.000000000000
31,434920.500921726227,-15.454248428345,0.000000000000,-68.484558105469,0.000000000000,53.030309677124,0.000000000000
32,440338.001533031464,-15.452492713928,0.000000000000,-68.444328308105,0.000000000000,52.991835594177,0.000000000000
33,445822.984169483185,-15.454101562500,0.000000000000,-68.540756225586,0.000000000000,53.086654663086,0.000000000000
34,451376.289400100708,-15.453992843628,0.000000000000,-68.604942321777,0.000000000000,53.150949478149,0.000000000000
35,456998.768271446228,-15.452451705933,0.000000000000,-68.502037048340,0.000000000000,53.049585342407,0.000000000000
36,462691.282431602478,-15.453486442566,0.000000000000,-68.567497253418,0.000000000000,53.114010810852,0.000000000000
37,468454.704260826111,-15.451859474182,0.000000000000,-68.536499023438,0.000000000000,53.084639549255,0.000000000000
38,474289.916998386383,-15.451509475708,0.000000000000,-68.568504333496,0.000000000000,53.116994857788,0.000000000000
39,480197.814909458160,-15.451073646545,0.000000000000,-68.566635131836,0.000000000000,53.115561485291,0.000000000000
40,486179.303374290466,-15.450719833374,0.000000000000,-68.447395324707,0.000000000000,52.996675491333,0.000000000000
41,492235.299059391022,-15.451612472534,0.000000000000,-68.603790283203,0.000000000000,53.152177810669,0.000000000000
42,498366.730048656464,-15.451334953308,0.000000000000,-68.438720703125,0.000000000000,52.987385749817,0.000000000000
43,504574.535979270935,-15.451331138611,0.000000000000,-68.578582763672,0.000000000000,53.127251625061,0.000000000000
44,510859.668216228485,-15.450553894043,0.000000000000,-68.591392517090,0.000000000000,53.140838623047,0.000000000000
45,517223.089951515198,-15.451028823853,0.000000000000,-68.632965087891,0.000000000000,53.181936264038,0.000000000000
46,523665.776382923126,-15.451498985291,0.000000000000,-68.528633117676,0.000000000000,53.077134132385,0.000000000000
47,530188.714854240417,-15.452207565308,0.000000000000,-68.597587585449,0.000000000000,53.145380020142,0.000000000000
48,536792.905011177063,-15.453590393066,0.000000000000,-68.398635864258,0.000000000000,52.945045471191,0.000000000000
49,543479.358937263489,-15.451212882996,0.000000000000,-68.459579467773,0.000000000000,53.008366584778,0.000000000000
50,550249.101354598999,-15.454359054565,0.000000000000,-68.595886230469,0.000000000000,53.141527175903,0.000000000000
51,557103.169721603394,-15.453582763672,0.000000000000,-68.510337829590,0.000000000000,53.056755065918,0.000000000000
52,564042.614424705505,-15.453437805176,0.000000000000,-68.643211364746,0.000000000000,53.189773559570,0.000000000000
53,571068.498940467834,-15.454259872437,0.000000000000,-68.609489440918,0.000000000000,53.155229568481,0.000000000000
54,578181.899976730347,-15.453553199768,0.000000000000,-68.611312866211,0.000000000000,53.157759666443,0.000000000000
55,585383.907687187195,-15.454429626465,0.000000000000,-68.454795837402,0.000000000000,53.000366210938,0.000000000000
56,592675.625772476196,-15.454381942749,0.000000000000,-68.518226623535,0.000000000000,53.063844680786,0.000000000000
57,600058.171691894531,-15.455253601074,0.000000000000,-68.478630065918,0.000000000000,53.023376464844,0.000000000000
58,607532.676824569702,-15.455341339111,0.000000000000,-68.577674865723,0.000000000000,53.122333526611,0.000000000000
59,615100.286643028259,-15.457514762878,0.000000000000,-68.624290466309,0.000000000000,53.166775703430,0.000000000000
60,622762.160874366760,-15.457064628601,0.000000000000,-68.480850219727,0.000000000000,53.023785591125,0.000000000000
61,630519.473728179932,-15.457968711853,0.000000000000,-68.516525268555,0.000000000000,53.058556556702,0.000000000000
62,638373.414004325867,-15.457590103149,0.000000000000,-68.611885070801,0.000000000000,53.154294967651,0.000000000000
63,646325.185323715210,-15.459870338440,0.000000000000,-68.557792663574,0.000000000000,53.097922325134,0.000000000000
64,654376.006299018860,-15.460770606995,0.000000000000,-68.536018371582,0.000000000000,53.075247764587,0.000000000000
65,662527.110712051392,-15.460521697998,0.000000000000,-68.640533447266,0.000000000000,53.180011749268,0.000000000000
66,670779.747745513916,-15.460796356201,0.000000000000,-68.494483947754,0.000000000000,53.033687591553,0.000000000000
67,679135.182107925415,-15.461261749268,0.000000000000,-68.612396240234,0.000000000000,53.151134490967,0.000000000000
68,687594.694275856018,-15.461695671082,0.000000000000,-68.473594665527,0.000000000000,53.011898994446,0.000000000000
69,696159.580671310425,-15.463047981262,0.000000000000,-68.456260681152,0.000000000000,52.993212699890,0.000000000000
70,704831.153869628906,-15.464072227478,0.000000000000,-68.580528259277,0.000000000000,53.116456031799,0.000000000000
71,713610.742780685425,-15.463894844055,0.000000000000,-68.551910400391,0.000000000000,53.088015556335,0.000000000000
72,722499.692905426025,-15.464585304260,0.000000000000,-68.377891540527,0.000000000000,52.913306236267,0.000000000000
73,731499.366466522217,-15.465533256531,0.000000000000,-68.738922119141,0.000000000000,53.273388862610,0.000000000000
74,740611.142669677734,-15.466041564941,0.000000000000,-68.601814270020,0.000000000000,53.135772705078,0.000000000000
75,749836.417899131775,-15.467557907104,0.000000000000,-68.415451049805,0.000000000000,52.947893142700,0.000000000000
76,759176.605932235718,-15.468285560608,0.000000000000,-68.520210266113,0.000000000000,53.051924705505,0.000000000000
77,768633.138144493103,-15.468913078308,0.000000000000,-68.588569641113,0.000000000000,53.119656562805,0.000000000000
78,778207.463780403137,-15.468915939331,0.000000000000,-68.604660034180,0.000000000000,53.135744094849,0.000000000000
79,787901.050097465515,-15.471289634705,0.000000000000,-68.580093383789,0.000000000000,53.108803749084,0.000000000000
80,797715.382641792297,-15.472084999084,0.000000000000,-68.512786865234,0.000000000000,53.040701866150,0.000000000000
81,807651.965465545654,-15.473501205444,0.000000000000,-68.524024963379,0.000000000000,53.050523757935,0.000000000000
82,817712.321341514587,-15.472085952759,0.000000000000,-68.570899963379,0.000000000000,53.098814010620,0.000000000000
83,827897.992050170898,-15.472624778748,0.000000000000,-68.399131774902,0.000000000000,52.926506996155,0.000000000000
84,838210.538537979126,-15.474115371704,0.000000000000,-68.636901855469,0.000000000000,53.162786483765,0.000000000000
85,848651.541208267212,-15.475548744202,0.000000000000,-68.383781433105,0.000000000000,52.908232688904,0.000000000000
86,859222.600149154663,-15.475425720215,0.000000000000,-68.524101257324,0.000000000000,53.048675537109,0.000000000000
87,869925.335380554199,-15.475658416748,0.000000000000,-68.542289733887,0.000000000000,53.066631317139,0.000000000000
88,880761.387086868286,-15.476084709167,0.000000000000,-68.657501220703,0.000000000000,53.181416511536,0.000000000000
89,891732.415929794312,-15.477481842041,0.000000000000,-68.535202026367,0.000000000000,53.057720184326,0.000000000000
90,902840.103207588196,-15.477704048157,0.000000000000,-68.580299377441,0.000000000000,53.102595329285,0.000000000000
91,914086.151181221008,-15.479022026062,0.000000000000,-68.534423828125,0.000000000000,53.055401802063,0.000000000000
92,925472.283311843872,-15.478961944580,0.000000000000,-68.525306701660,0.000000000000,53.046344757080,0.000000000000
93,937000.244513511658,-15.480599403381,0.000000000000,-68.623519897461,0.000000000000,53.142920494080,0.000000000000
94,948671.801485061646,-15.480979919434,0.000000000000,-68.534179687500,0.000000000000,53.053199768066,0.000000000000
95,960488.742881774902,-15.482316970825,0.000000000000,-68.544891357422,0.000000000000,53.062574386597,0.000000000000
96,972452.879656791687,-15.482564926147,0.000000000000,-68.686683654785,0.000000000000,53.204118728638,0.000000000000
97,984566.045318603516,-15.482992172241,0.000000000000,-68.481140136719,0.000000000000,52.998147964478,0.000000000000
98,996830.096216201782,-15.483119964600,0.000000000000,-68.580474853516,0.000000000000,53.097354888916,0.000000000000
99,1009246.911805152893,-15.483957290649,0.000000000000,-68.445945739746,0.000000000000,52.961988449097,0.000000000000
100,1021818.395002365112,-15.484522819519,0.000000000000,-68.634994506836,0.000000000000,53.150471687317,0.000000000000
101,1034546.472376823425,-15.485099792480,0.000000000000,-68.507476806641,0.000000000000,53.022377014160,0.000000000000
102,1047433.094511985779,-15.485190391541,0.000000000000,-68.674720764160,0.000000000000,53.189530372620,0.000000000000
103,1060480.236289978030,-15.485906600952,0.000000000000,-68.602119445801,0.000000000000,53.116212844849,0.000000000000
104,1073689.897174835210,-15.486794471741,0.000000000000,-68.407768249512,0.000000000000,52.920973777771,0.000000000000
105,1087064.101587295530,-15.486691474915,0.000000000000,-68.476943969727,0.000000000000,52.990252494812,0.000000000000
106,1100604.899112701420,-15.487276077271,0.000000000000,-68.644767761230,0.000000000000,53.157491683960,0.000000000000
107,1114314.364887237550,-15.488086700439,0.000000000000,-68.600463867188,0.000000000000,53.112377166748,0.000000000000
108,1128194.599893569950,-15.489111900330,0.000000000000,-68.596038818359,0.000000000000,53.106926918030,0.000000000000
109,1142247.731281280520,-15.489639282227,0.000000000000,-68.645484924316,0.000000000000,53.155845642090,0.000000000000
110,1156475.912683486940,-15.489650726318,0.000000000000,-68.651359558105,0.000000000000,53.161708831787,0.000000000000
111,1170881.324615478520,-15.489872932434,0.000000000000,-68.575874328613,0.000000000000,53.086001396179,0.000000000000
112,1185466.174690246580,-15.490645408630,0.000000000000,-68.581375122070,0.000000000000,53.090729713440,0.000000000000
113,1200232.698047637940,-15.491230010986,0.000000000000,-68.428009033203,0.000000000000,52.936779022217,0.000000000000
114,1215183.157661437990,-15.491914749146,0.000000000000,-68.506484985352,0.000000000000,53.014570236206,0.000000000000
115,1230319.844678878780,-15.492718696594,0.000000000000,-68.516265869141,0.000000000000,53.023547172546,0.000000000000
116,1245645.078844070430,-15.492740631104,0.000000000000,-68.511436462402,0.000000000000,53.018695831299,0.000000000000
117,1261161.208736419680,-15.493121147156,0.000000000000,-68.581893920898,0.000000000000,53.088772773743,0.000000000000
118,1276870.612213134770,-15.492584228516,0.000000000000,-68.568740844727,0.000000000000,53.076156616211,0.000000000000
119,1292775.696744918820,-15.493080139160,0.000000000000,-68.504394531250,0.000000000000,53.011314392090,0.000000000000
120,1308878.899795532230,-15.494299888611,0.000000000000,-68.636352539063,0.000000000000,53.142052650452,0.000000000000
121,1325182.689167022710,-15.493906021118,0.000000000000,-68.649696350098,0.000000000000,53.155790328979,0.000000000000
122,1341689.563465118410,-15.494029998779,0.000000000000,-68.711845397949,0.000000000000,53.217815399170,0.000000000000
123,1358402.052356719970,-15.495336532593,0.000000000000,-68.603187561035,0.000000000000,53.107851028442,0.000000000000
124,1375322.717039108280,-15.494548797607,0.000000000000,-68.598052978516,0.000000000000,53.103504180908,0.000000000000
125,1392454.150611877440,-15.494645118713,0.000000000000,-68.578605651855,0.000000000000,53.083960533142,0.000000000000
126,1409798.978473663330,-15.495294570923,0.000000000000,-68.658805847168,0.000000000000,53.163511276245,0.000000000000
127,1427359.858707427980,-15.495591163635,0.000000000000,-68.620811462402,0.000000000000,53.125220298767,0.000000000000
128,1445139.482574462890,-15.496430397034,0.000000000000,-68.541893005371,0.000000000000,53.045462608337,0.000000000000
129,1463140.574785232540,-15.497200965881,0.000000000000,-68.629493713379,0.000000000000,53.132292747498,0.000000000000
130,1481365.894016265870,-15.497561454773,0.000000000000,-68.669792175293,0.000000000000,53.172230720520,0.000000000000
131,1499818.233306884770,-15.496854782104,0.000000000000,-68.547920227051,0.000000000000,53.051065444946,0.000000000000
132,1518500.420461654660,-15.498265266418,0.000000000000,-68.554344177246,0.000000000000,53.056078910828,0.000000000000
133,1537415.318588256840,-15.498044967651,0.000000000000,-68.595726013184,0.000000000000,53.097681045532,0.000000000000
134,1556565.826375961300,-15.499356269836,0.000000000000,-68.608444213867,0.000000000000,53.109087944031,0.000000000000
135,1575954.878650665280,-15.497435569763,0.000000000000,-68.680786132813,0.000000000000,53.183350563049,0.000000000000
136,1595585.446794509890,-15.498726844788,0.000000000000,-68.657257080078,0.000000000000,53.158530235291,0.000000000000
137,1615460.539201736450,-15.496927261353,0.000000000000,-68.642601013184,0.000000000000,53.145673751831,0.000000000000
138,1635583.201711654660,-15.497449874878,0.000000000000,-68.590881347656,0.000000000000,53.093431472778,0.000000000000
139,1655956.518188476560,-15.499485969543,0.000000000000,-68.599815368652,0.000000000000,53.100329399109,0.000000000000
140,1676583.610826492310,-15.498548507690,0.000000000000,-68.603759765625,0.000000000000,53.105211257935,0.000000000000
141,1697467.640733718870,-15.499062538147,0.000000000000,-68.545639038086,0.000000000000,53.046576499939,0.000000000000
142,1718611.808403015140,-15.499019622803,0.000000000000,-68.537940979004,0.000000000000,53.038921356201,0.000000000000
143,1740019.354158401490,-15.499321937561,0.000000000000,-68.628852844238,0.000000000000,53.129530906677,0.000000000000
144,1761693.558773040770,-15.500444412231,0.000000000000,-68.683624267578,0.000000000000,53.183179855347,0.000000000000
145,1783637.743801116940,-15.499856948853,0.000000000000,-68.752731323242,0.000000000000,53.252874374390,0.000000000000
146,1805855.272201538090,-15.499985694885,0.000000000000,-68.729248046875,0.000000000000,53.229262351990,0.000000000000
147,1828349.548820495610,-15.499644279480,0.000000000000,-68.713363647461,0.000000000000,53.213719367981,0.000000000000
148,1851124.020915985110,-15.500674247742,0.000000000000,-68.595039367676,0.000000000000,53.094365119934,0.000000000000
149,1874182.178657531740,-15.500374794006,0.000000000000,-68.524475097656,0.000000000000,53.024100303650,0.000000000000
150,1897527.555780410770,-15.501316070557,0.000000000000,-68.679176330566,0.000000000000,53.177860260010,0.000000000000
151,1921163.729946136470,-15.501027107239,0.000000000000,-68.625717163086,0.000000000000,53.124690055847,0.000000000000
152,1945094.323408126830,-15.501235008240,0.000000000000,-68.696174621582,0.000000000000,53.194939613342,0.000000000000
153,1969323.003543853760,-15.501868247986,0.000000000000,-68.687965393066,0.000000000000,53.186097145081,0.000000000000
154,1993853.483375549320,-15.501691818237,0.000000000000,-68.697158813477,0.000000000000,53.195466995239,0.000000000000
155,2018689.522275924680,-15.500905036926,0.000000000000,-68.651893615723,0.000000000000,53.150988578796,0.000000000000
156,2043834.926351547240,-15.500727653503,0.000000000000,-68.505981445313,0.000000000000,53.005253791809,0.000000000000
157,2069293.549146652220,-15.502599716187,0.000000000000,-68.597938537598,0.000000000000,53.095338821411,0.000000000000
158,2095069.292205810550,-15.501582145691,0.000000000000,-68.732322692871,0.000000000000,53.230740547180,0.000000000000
159,2121166.105678558350,-15.502969741821,0.000000000000,-68.637229919434,0.000000000000,53.134260177612,0.000000000000
160,2147587.988872528080,-15.502706527710,0.000000000000,-68.625823974609,0.000000000000,53.123117446899,0.000000000000
161,2174338.991031646730,-15.502185821533,0.000000000000,-68.705963134766,0.000000000000,53.203777313232,0.000000000000
162,2201423.211719512940,-15.503703117371,0.000000000000,-68.696525573730,0.000000000000,53.192822456360,0.000000000000
163,2228844.801612854000,-15.503941535950,0.000000000000,-68.574813842773,0.000000000000,53.070872306824,0.000000000000
164,2256607.963077545170,-15.503848075867,0.000000000000,-68.691932678223,0.000000000000,53.188084602356,0.000000000000
165,2284716.950801849370,-15.503799438477,0.000000000000,-68.627365112305,0.000000000000,53.123565673828,0.000000000000
166,2313176.072566986080,-15.502853393555,0.000000000000,-68.673942565918,0.000000000000,53.171089172363,0.000000000000
167,2341989.689720153810,-15.504302978516,0.000000000000,-68.682838439941,0.000000000000,53.178535461426,0.000000000000
168,2371162.217956542970,-15.503901481628,0.000000000000,-68.666458129883,0.000000000000,53.162556648254,0.000000000000
169,2400698.127979278560,-15.504114151001,0.000000000000,-68.733741760254,0.000000000000,53.229627609253,0.000000000000
170,2430601.946186065670,-15.504066467285,0.000000000000,-68.675933837891,0.000000000000,53.171867370605,0.000000000000
171,2460878.255310058590,-15.504342079163,0.000000000000,-68.795730590820,0.000000000000,53.291388511658,0.000000000000
172,2491531.695289611820,-15.506741523743,0.000000000000,-68.719398498535,0.000000000000,53.212656974792,0.000000000000
173,2522566.963741302490,-15.506114959717,0.000000000000,-68.706085205078,0.000000000000,53.199970245361,0.000000000000
174,2553988.816837310790,-15.504546165466,0.000000000000,-68.626113891602,0.000000000000,53.121567726135,0.000000000000
175,2585802.069984436040,-15.506301879883,0.000000000000,-68.628013610840,0.000000000000,53.121711730957,0.000000000000
176,2618011.598587036130,-15.504794120789,0.000000000000,-68.591949462891,0.000000000000,53.087155342102,0.000000000000
177,2650622.338726043700,-15.505887985229,0.000000000000,-68.630760192871,0.000000000000,53.124872207642,0.000000000000
178,2683639.288101196290,-15.506212234497,0.000000000000,-68.729629516602,0.000000000000,53.223417282104,0.000000000000
179,2717067.506530761720,-15.505472183228,0.000000000000,-68.590217590332,0.000000000000,53.084745407104,0.000000000000
180,2750912.116905212400,-15.506676673889,0.000000000000,-68.689506530762,0.000000000000,53.182829856873,0.000000000000
181,2785178.305931091310,-15.507547378540,0.000000000000,-68.854988098145,0.000000000000,53.347440719604,0.000000000000
182,2819871.324871063230,-15.506843566895,0.000000000000,-68.605804443359,0.000000000000,53.098960876465,0.000000000000
183,2854996.490539550780,-15.506198883057,0.000000000000,-68.599365234375,0.000000000000,53.093166351318,0.000000000000
184,2890559.185840606690,-15.507894515991,0.000000000000,-68.594337463379,0.000000000000,53.086442947388,0.000000000000
185,2926564.860774993900,-15.507757186890,0.000000000000,-68.728187561035,0.000000000000,53.220430374146,0.000000000000
186,2963019.033229827880,-15.506855964661,0.000000000000,-68.631767272949,0.000000000000,53.124911308289,0.000000000000
187,2999927.289825439450,-15.507252693176,0.000000000000,-68.670524597168,0.000000000000,53.163271903992,0.000000000000
188,3037295.286716461180,-15.509537696838,0.000000000000,-68.468765258789,0.000000000000,52.959227561951,0.000000000000
189,3075128.750675201420,-15.508406639099,0.000000000000,-68.690620422363,0.000000000000,53.182213783264,0.000000000000
190,3113433.479640960690,-15.508266448975,0.000000000000,-68.608985900879,0.000000000000,53.100719451904,0.000000000000
191,3152215.343837738040,-15.508269309998,0.000000000000,-68.702339172363,0.000000000000,53.194069862366,0.000000000000
192,3191480.286602020260,-15.509239196777,0.000000000000,-68.695907592773,0.000000000000,53.186668395996,0.000000000000
193,3231234.325256347660,-15.509138107300,0.000000000000,-68.510734558105,0.000000000000,53.001596450806,0.000000000000
194,3271483.552227020260,-15.508964538574,0.000000000000,-68.752532958984,0.000000000000,53.243568420410,0.000000000000
195,3312234.135681152340,-15.508254051208,0.000000000000,-68.661705017090,0.000000000000,53.153450965881,0.000000000000
196,3353492.320667266850,-15.509342193604,0.000000000000,-68.587661743164,0.000000000000,53.078319549561,0.000000000000
197,3395264.430015563960,-15.510497093201,0.000000000000,-68.735755920410,0.000000000000,53.225258827209,0.000000000000
198,3437556.865325927730,-15.509967803955,0.000000000000,-68.687217712402,0.000000000000,53.177249908447,0.000000000000
199,3480376.107879638670,-15.510625839233,0.000000000000,-68.543685913086,0.000000000000,53.033060073853,0.000000000000
200,3523728.719860076900,-15.511536598206,0.000000000000,-68.642768859863,0.000000000000,53.131232261658,0.000000000000
201,3567621.345016479490,-15.510491371155,0.000000000000,-68.692718505859,0.000000000000,53.182227134705,0.000000000000
202,3612060.709918975830,-15.510574340820,0.000000000000,-68.678321838379,0.000000000000,53.167747497559,0.000000000000
203,3657053.624923706050,-15.510484695435,0.000000000000,-68.514434814453,0.000000000000,53.003950119019,0.000000000000
204,3702606.985153198240,-15.511605262756,0.000000000000,-68.752906799316,0.000000000000,53.241301536560,0.000000000000
205,3748727.771804809570,-15.511595726013,0.000000000000,-68.628837585449,0.000000000000,53.117241859436,0.000000000000
206,3795423.052852630620,-15.511357307434,0.000000000000,-68.585624694824,0.000000000000,53.074267387390,0.000000000000
207,3842699.984371185300,-15.511827468872,0.000000000000,-68.686866760254,0.000000000000,53.175039291382,0.000000000000
208,3890565.811573028560,-15.511975288391,0.000000000000,-68.696212768555,0.000000000000,53.184237480164,0.000000000000
209,3939027.869918823240,-15.511534690857,0.000000000000,-68.694458007813,0.000000000000,53.182923316956,0.000000000000
210,3988093.586181640620,-15.512344360352,0.000000000000,-68.680274963379,0.000000000000,53.167930603027,0.000000000000
211,4037770.479831695560,-15.512766838074,0.000000000000,-68.711524963379,0.000000000000,53.198758125305,0.000000000000
212,4088066.163818359380,-15.513072013855,0.000000000000,-68.770042419434,0.000000000000,53.256970405579,0.000000000000
213,4138988.345977783200,-15.513067245483,0.000000000000,-68.677062988281,0.000000000000,53.163995742798,0.000000000000
214,4190544.830158233640,-15.513689994812,0.000000000000,-68.747520446777,0.000000000000,53.233830451965,0.000000000000
215,4242743.517349243160,-15.511751174927,0.000000000000,-68.678588867188,0.000000000000,53.166837692261,0.000000000000
216,4295592.407165527340,-15.513320922852,0.000000000000,-68.670249938965,0.000000000000,53.156929016113,0.000000000000
217,4349099.598648071290,-15.513222694397,0.000000000000,-68.796310424805,0.000000000000,53.283087730408,0.000000000000
218,4403273.291816711430,-15.514214515686,0.000000000000,-68.702651977539,0.000000000000,53.188437461853,0.000000000000
219,4458121.788795471190,-15.515379905701,0.000000000000,-68.706001281738,0.000000000000,53.190621376038,0.000000000000
220,4513653.495162963870,-15.515152931213,0.000000000000,-68.802871704102,0.000000000000,53.287718772888,0.000000000000
221,4569876.921096801760,-15.513676643372,0.000000000000,-68.669204711914,0.000000000000,53.155528068542,0.000000000000
222,4626800.683013916020,-15.514034271240,0.000000000000,-68.663787841797,0.000000000000,53.149753570557,0.000000000000
223,4684433.504440307620,-15.513876914978,0.000000000000,-68.747550964355,0.000000000000,53.233674049377,0.000000000000
224,4742784.217628479000,-15.515366554260,0.000000000000,-68.646347045898,0.000000000000,53.130980491638,0.000000000000
225,4801861.764862060550,-15.514609336853,0.000000000000,-68.800659179688,0.000000000000,53.286049842834,0.000000000000
226,4861675.199798583980,-15.516067504883,0.000000000000,-68.755813598633,0.000000000000,53.239746093750,0.000000000000
227,4922233.688789367680,-15.515786170959,0.000000000000,-68.701583862305,0.000000000000,53.185797691345,0.000000000000
228,4983546.512626647950,-15.515461921692,0.000000000000,-68.620140075684,0.000000000000,53.104678153992,0.000000000000
229,5045623.067443847660,-15.516749382019,0.000000000000,-68.767089843750,0.000000000000,53.250340461731,0.000000000000
230,5108472.866500854490,-15.514328002930,0.000000000000,-68.921020507813,0.000000000000,53.406692504883,0.000000000000
231,5172105.541572570800,-15.516856193542,0.000000000000,-68.565238952637,0.000000000000,53.048382759094,0.000000000000
232,5236530.844299316410,-15.516180992126,0.000000000000,-68.900711059570,0.000000000000,53.384530067444,0.000000000000
233,5301758.648071289060,-15.518400192261,0.000000000000,-68.687812805176,0.000000000000,53.169412612915,0.000000000000
234,5367798.948989868160,-15.517594337463,0.000000000000,-68.719726562500,0.000000000000,53.202132225037,0.000000000000
235,5434661.867767333980,-15.518079757690,0.000000000000,-68.812057495117,0.000000000000,53.293977737427,0.000000000000
236,5502357.651176452640,-15.517147064209,0.000000000000,-68.639892578125,0.000000000000,53.122745513916,0.000000000000
237,5570896.673637390140,-15.517713546753,0.000000000000,-68.652069091797,0.000000000000,53.134355545044,0.000000000000
238,5640289.438690185550,-15.519165992737,0.000000000000,-68.639228820801,0.000000000000,53.120062828064,0.000000000000
239,5710546.580993652340,-15.519197463989,0.000000000000,-68.589218139648,0.000000000000,53.070020675659,0.000000000000
240,5781678.867401123050,-15.519849777222,0.000000000000,-68.776077270508,0.000000000000,53.256227493286,0.000000000000
241,5853697.198974609380,-15.519661903381,0.000000000000,-68.644927978516,0.000000000000,53.125266075134,0.000000000000
242,5926612.612556457520,-15.521059989929,0.000000000000,-68.633277893066,0.000000000000,53.112217903137,0.000000000000
243,6000436.282363891600,-15.520746231079,0.000000000000,-68.671798706055,0.000000000000,53.151052474976,0.000000000000
244,6075179.522117614750,-15.521218299866,0.000000000000,-68.740783691406,0.000000000000,53.219565391541,0.000000000000
245,6150853.786148071290,-15.520359992981,0.000000000000,-68.687515258789,0.000000000000,53.167155265808,0.000000000000
246,6227470.671585083010,-15.519966125488,0.000000000000,-68.760208129883,0.000000000000,53.240242004395,0.000000000000
247,6305041.919998168950,-15.521482467651,0.000000000000,-68.706626892090,0.000000000000,53.185144424438,0.000000000000
248,6383579.419227600100,-15.520825386047,0.000000000000,-68.708969116211,0.000000000000,53.188143730164,0.000000000000
249,6463095.205062866210,-15.521435737610,0.000000000000,-68.649742126465,0.000000000000,53.128306388855,0.000000000000
250,6543601.463562011720,-15.524076461792,0.000000000000,-68.845108032227,0.000000000000,53.321031570435,0.000000000000
251,6625110.532234191890,-15.524167060852,0.000000000000,-68.749023437500,0.000000000000,53.224856376648,0.000000000000
252,6707634.902397155760,-15.522633552551,0.000000000000,-68.723533630371,0.000000000000,53.200900077820,0.000000000000
253,6791187.220947265620,-15.523786544800,0.000000000000,-68.708755493164,0.000000000000,53.184968948364,0.000000000000
254,6875780.292190551760,-15.523279190063,0.000000000000,-68.906044006348,0.000000000000,53.382764816284,0.000000000000
255,6961427.080307006840,-15.524453163147,0.000000000000,-68.673164367676,0.000000000000,53.148711204529,0.000000000000
256,7048140.710578918460,-15.525986671448,0.000000000000,-68.750114440918,0.000000000000,53.224127769470,0.000000000000
257,7135934.471923828120,-15.525370597839,0.000000000000,-68.841171264648,0.000000000000,53.315800666809,0.000000000000
258,7224821.818778991700,-15.525342941284,0.000000000000,-68.738662719727,0.000000000000,53.213319778442,0.000000000000
259,7314816.373168945310,-15.526084899902,0.000000000000,-68.760414123535,0.000000000000,53.234329223633,0.000000000000
260,7405931.926673889160,-15.526465415955,0.000000000000,-68.753707885742,0.000000000000,53.227242469788,0.000000000000
261,7498182.443061828610,-15.526535987854,0.000000000000,-68.751052856445,0.000000000000,53.224516868591,0.000000000000
262,7591582.059631347660,-15.527250289917,0.000000000000,-68.761634826660,0.000000000000,53.234384536743,0.000000000000
263,7686145.089935302730,-15.527108192444,0.000000000000,-68.891860961914,0.000000000000,53.364752769470,0.000000000000
264,7781886.025787353520,-15.526510238647,0.000000000000,-68.773651123047,0.000000000000,53.247140884399,0.000000000000
265,7878819.539421081540,-15.526711463928,0.000000000000,-68.824905395508,0.000000000000,53.298193931580,0.000000000000
266,7976960.486190795900,-15.527260780334,0.000000000000,-68.846023559570,0.000000000000,53.318762779236,0.000000000000
267,8076323.906127929690,-15.529589653015,0.000000000000,-68.786422729492,0.000000000000,53.256833076477,0.000000000000
268,8176925.026718139650,-15.528515815735,0.000000000000,-68.775283813477,0.000000000000,53.246767997742,0.000000000000
269,8278779.265129089360,-15.529434204102,0.000000000000,-68.721672058105,0.000000000000,53.192237854004,0.000000000000
270,8381902.230583190920,-15.529757499695,0.000000000000,-68.799530029297,0.000000000000,53.269772529602,0.000000000000
271,8486309.726593017580,-15.530550956726,0.000000000000,-68.605903625488,0.000000000000,53.075352668762,0.000000000000
272,8592017.753906250000,-15.530873298645,0.000000000000,-68.807708740234,0.000000000000,53.276835441589,0.000000000000
273,8699042.512237548830,-15.531278610229,0.000000000000,-68.973175048828,0.000000000000,53.441896438599,0.000000000000
274,8807400.403137207030,-15.531416893005,0.000000000000,-68.598915100098,0.000000000000,53.067498207092,0.000000000000
275,8917108.032546997070,-15.531461715698,0.000000000000,-68.842369079590,0.000000000000,53.310907363892,0.000000000000
276,9028182.213195800780,-15.531984329224,0.000000000000,-68.718986511230,0.000000000000,53.187002182007,0.000000000000
277,9140639.967086791990,-15.533057212830,0.000000000000,-68.662849426270,0.000000000000,53.129792213440,0.000000000000
278,9254498.528778076170,-15.533261299133,0.000000000000,-68.789108276367,0.000000000000,53.255846977234,0.000000000000
279,9369775.346954345700,-15.534122467041,0.000000000000,-68.921798706055,0.000000000000,53.387676239014,0.000000000000
280,9486488.087860107420,-15.533224105835,0.000000000000,-68.821525573730,0.000000000000,53.288301467896,0.000000000000
281,9604654.637786865230,-15.533917427063,0.000000000000,-68.676933288574,0.000000000000,53.143015861511,0.000000000000
282,9724293.105651855470,-15.535476684570,0.000000000000,-68.926834106445,0.000000000000,53.391357421875,0.000000000000
283,9845421.826431274410,-15.535636901855,0.000000000000,-68.722709655762,0.000000000000,53.187072753906,0.000000000000
284,9968059.363006591800,-15.535859107971,0.000000000000,-68.941917419434,0.000000000000,53.406058311462,0.000000000000
285,10092224.509643554690,-15.577895164490,0.000000000000,-68.777885437012,0.000000000000,53.199990272522,0.000000000000
286,10217936.294692993160,-15.574151039124,0.000000000000,-68.799209594727,0.000000000000,53.225058555603,0.000000000000
287,10345213.983566284180,-15.572221755981,0.000000000000,-68.715270996094,0.000000000000,53.143049240112,0.000000000000
288,10474077.081451416020,-15.570327758789,0.000000000000,-68.805885314941,0.000000000000,53.235557556152,0.000000000000
289,10604545.337036132810,-15.569433212280,0.000000000000,-68.983200073242,0.000000000000,53.413766860962,0.000000000000
290,10736638.744461059570,-15.568230628967,0.000000000000,-68.902587890625,0.000000000000,53.334357261658,0.000000000000
291,10870377.547103881840,-15.568202972412,0.000000000000,-68.797332763672,0.000000000000,53.229129791260,0.000000000000
292,11005782.240524291990,-15.565827369690,0.000000000000,-68.672897338867,0.000000000000,53.107069969177,0.000000000000
293,11142873.575363159180,-15.564812660217,0.000000000000,-69.082023620605,0.000000000000,53.517210960388,0.000000000000
294,11281672.561294555660,-15.563283920288,0.000000000000,-68.836418151855,0.000000000000,53.273134231567,0.000000000000
295,11422200.469161987300,-15.562442779541,0.000000000000,-68.891159057617,0.000000000000,53.328716278076,0.000000000000
296,11564478.834930419920,-15.561110496521,0.000000000000,-68.704071044922,0.000000000000,53.142960548401,0.000000000000
297,11708529.462844848630,-15.559194564819,0.000000000000,-68.587341308594,0.000000000000,53.028146743774,0.000000000000
298,11854374.428710937500,-15.559704780579,0.000000000000,-68.969680786133,0.000000000000,53.409976005554,0.000000000000
299,12002036.083145141600,-15.558625221252,0.000000000000,-68.522140502930,0.000000000000,52.963515281677,0.000000000000
300,12151537.055786132810,-15.556983947754,0.000000000000,-68.889686584473,0.000000000000,53.332702636719,0.000000000000
301,12302900.257522583010,-15.555683135986,0.000000000000,-68.787200927734,0.000000000000,53.231517791748,0.000000000000
302,12456148.884841918940,-15.555599212646,0.000000000000,-68.744583129883,0.000000000000,53.188983917236,0.000000000000
303,12611306.423171997070,-15.554687500000,0.000000000000,-68.677291870117,0.000000000000,53.122604370117,0.000000000000
304,12768396.650268554690,-15.553996086121,0.000000000000,-68.880935668945,0.000000000000,53.326939582825,0.000000000000
305,12927443.640716552740,-15.552934646606,0.000000000000,-68.775138854980,0.000000000000,53.222204208374,0.000000000000
306,13088471.768341064450,-15.552457809448,0.000000000000,-68.694755554199,0.000000000000,53.142297744751,0.000000000000
307,13251505.710754394530,-15.551188468933,0.000000000000,-68.894935607910,0.000000000000,53.343747138977,0.000000000000
308,13416570.453018188480,-15.550974845886,0.000000000000,-69.025848388672,0.000000000000,53.474873542786,0.000000000000
309,13583691.291381835940,-15.550553321838,0.000000000000,-68.721366882324,0.000000000000,53.170813560486,0.000000000000
310,13752893.836944580080,-15.549557685852,0.000000000000,-68.558624267578,0.000000000000,53.009066581726,0.000000000000
311,13924204.020568847660,-15.549531936646,0.000000000000,-68.799499511719,0.000000000000,53.249967575073,0.000000000000
312,14097648.095382690430,-15.548773765564,0.000000000000,-68.678367614746,0.000000000000,53.129593849182,0.000000000000
313,14273252.641769409180,-15.548324584961,0.000000000000,-68.733848571777,0.000000000000,53.185523986816,0.000000000000
314,14451044.571243286130,-15.546153068542,0.000000000000,-68.774154663086,0.000000000000,53.228001594543,0.000000000000
315,14631051.130218505860,-15.546023368835,0.000000000000,-68.991600036621,0.000000000000,53.445576667786,0.000000000000
316,14813299.905303955080,-15.546663284302,0.000000000000,-68.812248229980,0.000000000000,53.265584945679,0.000000000000
317,14997818.825973510740,-15.545918464661,0.000000000000,-68.957572937012,0.000000000000,53.411654472351,0.000000000000
318,15184636.169830322270,-15.546973228455,0.000000000000,-68.799690246582,0.000000000000,53.252717018127,0.000000000000
319,15373780.566726684570,-15.544072151184,0.000000000000,-68.828636169434,0.000000000000,53.284564018250,0.000000000000
320,15565281.003158569340,-15.544963836670,0.000000000000,-68.812324523926,0.000000000000,53.267360687256,0.000000000000
321,15759166.826370239260,-15.544652938843,0.000000000000,-68.902938842773,0.000000000000,53.358285903931,0.000000000000
322,15955467.750000000000,-15.545047760010,0.000000000000,-68.797561645508,0.000000000000,53.252513885498,0.000000000000
323,16154213.856994628900,-15.543589591980,0.000000000000,-68.815628051758,0.000000000000,53.272038459778,0.000000000000
324,16355435.605285644500,-15.544809341431,0.000000000000,-68.835342407227,0.000000000000,53.290533065796,0.000000000000
325,16559163.832229614300,-15.544352531433,0.000000000000,-68.807067871094,0.000000000000,53.262715339661,0.000000000000
326,16765429.759277343800,-15.544359207153,0.000000000000,-68.988784790039,0.000000000000,53.444425582886,0.000000000000
327,16974264.996459960900,-15.542932510376,0.000000000000,-68.775627136230,0.000000000000,53.232694625854,0.000000000000
328,17185701.548492431600,-15.544137954712,0.000000000000,-68.848739624023,0.000000000000,53.304601669312,0.000000000000
329,17399771.817840576200,-15.543468475342,0.000000000000,-68.745246887207,0.000000000000,53.201778411865,0.000000000000
330,17616508.610870361300,-15.543346405029,0.000000000000,-68.873916625977,0.000000000000,53.330570220947,0.000000000000
331,17835945.142608642600,-15.544066429138,0.000000000000,-68.867774963379,0.000000000000,53.323708534241,0.000000000000
332,18058115.041503906200,-15.544072151184,0.000000000000,-68.836914062500,0.000000000000,53.292841911316,0.000000000000
333,18283052.355804443400,-15.544439315796,0.000000000000,-68.782852172852,0.000000000000,53.238412857056,0.000000000000
334,18510791.556976318400,-15.544477462769,0.000000000000,-68.727890014648,0.000000000000,53.183412551880,0.000000000000
335,18741367.546173095700,-15.545294761658,0.000000000000,-68.597633361816,0.000000000000,53.052338600159,0.000000000000
336,18974815.659240722700,-15.544415473938,0.000000000000,-68.692825317383,0.000000000000,53.148409843445,0.000000000000
337,19211171.672271728500,-15.544030189514,0.000000000000,-68.748291015625,0.000000000000,53.204260826111,0.000000000000
338,19450471.806579589800,-15.543555259705,0.000000000000,-68.604400634766,0.000000000000,53.060845375061,0.000000000000
339,19692752.735687255900,-15.542737007141,0.000000000000,-68.965705871582,0.000000000000,53.422968864441,0.000000000000
340,19938051.588928222700,-15.544684410095,0.000000000000,-68.625068664551,0.000000000000,53.080384254456,0.000000000000
341,20186405.958496093800,-15.545691490173,0.000000000000,-69.078536987305,0.000000000000,53.532845497131,0.000000000000
342,20437853.904846191400,-15.545841217041,0.000000000000,-68.814018249512,0.000000000000,53.268177032471,0.000000000000
343,20692433.962097168000,-15.545853614807,0.000000000000,-69.001007080078,0.000000000000,53.455153465271,0.000000000000
344,20950185.145507812500,-15.547613143921,0.000000000000,-68.922042846680,0.000000000000,53.374429702759,0.000000000000
345,21211146.955169677700,-15.546605110168,0.000000000000,-68.908996582031,0.000000000000,53.362391471863,0.000000000000
346,21475359.383697509800,-15.547235488892,0.000000000000,-68.785194396973,0.000000000000,53.237958908081,0.000000000000
347,21742862.921722412100,-15.547297477722,0.000000000000,-68.793746948242,0.000000000000,53.246449470520,0.000000000000
348,22013698.564270019500,-15.547486305237,0.000000000000,-68.817787170410,0.000000000000,53.270300865173,0.000000000000
349,22287907.816741943400,-15.548599243164,0.000000000000,-69.000007629395,0.000000000000,53.451408386230,0.000000000000
350,22565532.702514648400,-15.548858642578,0.000000000000,-68.757499694824,0.000000000000,53.208641052246,0.000000000000
351,22846615.767395019500,-15.550205230713,0.000000000000,-68.820907592773,0.000000000000,53.270702362061,0.000000000000
352,23131200.087524414100,-15.549905776978,0.000000000000,-68.868255615234,0.000000000000,53.318349838257,0.000000000000
353,23419329.275543212900,-15.550195693970,0.000000000000,-68.843353271484,0.000000000000,53.293157577515,0.000000000000
354,23711047.487060546900,-15.550116539001,0.000000000000,-68.913238525391,0.000000000000,53.363121986389,0.000000000000
355,24006399.428771972700,-15.550017356873,0.000000000000,-68.781951904297,0.000000000000,53.231934547424,0.000000000000
356,24305430.363128662100,-15.551130294800,0.000000000000,-68.678375244141,0.000000000000,53.127244949341,0.000000000000
357,24608186.116760253900,-15.551885604858,0.000000000000,-68.960899353027,0.000000000000,53.409013748169,0.000000000000
358,24914713.087188720700,-15.552208900452,0.000000000000,-68.820739746094,0.000000000000,53.268530845642,0.000000000000
359,25225058.249755859400,-15.554438591003,0.000000000000,-68.788871765137,0.000000000000,53.234433174133,0.000000000000
360,25539269.164642334000,-15.554454803467,0.000000000000,-68.708183288574,0.000000000000,53.153728485107,0.000000000000
361,25857393.985656738300,-15.555043220520,0.000000000000,-68.848060607910,0.000000000000,53.293017387390,0.000000000000
362,26179481.465148925800,-15.555851936340,0.000000000000,-68.730491638184,0.000000000000,53.174639701843,0.000000000000
363,26505580.963165283200,-15.556144714355,0.000000000000,-68.663749694824,0.000000000000,53.107604980469,0.000000000000
364,26835742.454681396500,-15.556070327759,0.000000000000,-68.605621337891,0.000000000000,53.049551010132,0.000000000000
365,27170016.536621093800,-15.557435989380,0.000000000000,-68.808525085449,0.000000000000,53.251089096069,0.000000000000
366,27508454.437561035200,-15.557018280029,0.000000000000,-68.960746765137,0.000000000000,53.403728485107,0.000000000000
367,27851108.022796630900,-15.557023048401,0.000000000000,-68.529090881348,0.000000000000,52.972067832947,0.000000000000
368,28198029.804199218800,-15.557495117188,0.000000000000,-68.982917785645,0.000000000000,53.425422668457,0.000000000000
369,28549272.947723388700,-15.557478904724,0.000000000000,-69.107208251953,0.000000000000,53.549729347229,0.000000000000
370,28904891.281494140600,-15.558588981628,0.000000000000,-68.767692565918,0.000000000000,53.209103584290,0.000000000000
371,29264939.303741455100,-15.558649063110,0.000000000000,-68.918884277344,0.000000000000,53.360235214233,0.000000000000
372,29629472.192962646500,-15.559546470642,0.000000000000,-68.779922485352,0.000000000000,53.220376014709,0.000000000000
373,29998545.813568115200,-15.560664176941,0.000000000000,-69.063018798828,0.000000000000,53.502354621887,0.000000000000
374,30372216.726226806600,-15.560353279114,0.000000000000,-68.927085876465,0.000000000000,53.366732597351,0.000000000000
375,30750542.196197509800,-15.561948776245,0.000000000000,-68.654754638672,0.000000000000,53.092805862427,0.000000000000
376,31133580.202056884800,-15.562952041626,0.000000000000,-69.017463684082,0.000000000000,53.454511642456,0.000000000000
377,31521389.444030761700,-15.562882423401,0.000000000000,-68.810577392578,0.000000000000,53.247694969177,0.000000000000
378,31914029.355133056600,-15.562866210938,0.000000000000,-68.740844726563,0.000000000000,53.177978515625,0.000000000000
379,32311560.107116699200,-15.564433097839,0.000000000000,-68.658775329590,0.000000000000,53.094342231750,0.000000000000
380,32714042.621765136700,-15.564517021179,0.000000000000,-68.555145263672,0.000000000000,52.990628242493,0.000000000000
381,33121538.579681396500,-15.565249443054,0.000000000000,-68.853561401367,0.000000000000,53.288311958313,0.000000000000
382,33534110.429321289100,-15.566089630127,0.000000000000,-68.680847167969,0.000000000000,53.114757537842,0.000000000000
383,33951821.398620605500,-15.567606925964,0.000000000000,-68.801666259766,0.000000000000,53.234059333801,0.000000000000
384,34374735.501403808600,-15.568261146545,0.000000000000,-68.758544921875,0.000000000000,53.190283775330,0.000000000000
385,34802917.549560546900,-15.568161010742,0.000000000000,-68.737525939941,0.000000000000,53.169364929199,0.000000000000
386,35236433.162109375000,-15.570619583130,0.000000000000,-68.823196411133,0.000000000000,53.252576828003,0.000000000000
387,35675348.775512695300,-15.569685935974,0.000000000000,-68.704223632813,0.000000000000,53.134537696838,0.000000000000
388,36119731.653320312500,-15.569809913635,0.000000000000,-68.727058410645,0.000000000000,53.157248497009,0.000000000000
389,36569649.898559570300,-15.571558952332,0.000000000000,-68.721466064453,0.000000000000,53.149907112122,0.000000000000
390,37025172.460815429700,-15.571278572083,0.000000000000,-69.042617797852,0.000000000000,53.471339225769,0.000000000000
391,37486369.149169921900,-15.572172164917,0.000000000000,-68.811378479004,0.000000000000,53.239206314087,0.000000000000
392,37953310.642211914100,-15.574641227722,0.000000000000,-68.815315246582,0.000000000000,53.240674018860,0.000000000000
393,38426068.498352050800,-15.574522018433,0.000000000000,-69.026985168457,0.000000000000,53.452463150024,0.000000000000
394,38904715.169250488300,-15.574601173401,0.000000000000,-68.840248107910,0.000000000000,53.265646934509,0.000000000000
395,39389324.007141113300,-15.574915885925,0.000000000000,-68.690841674805,0.000000000000,53.115925788879,0.000000000000
396,39879969.278442382800,-15.576540946960,0.000000000000,-68.806045532227,0.000000000000,53.229504585266,0.000000000000
397,40376726.174926757800,-15.576842308044,0.000000000000,-68.820915222168,0.000000000000,53.244072914124,0.000000000000
398,40879670.824768066400,-15.577426910400,0.000000000000,-68.980278015137,0.000000000000,53.402851104736,0.000000000000
399,41388880.303771972700,-15.577557563782,0.000000000000,-68.640777587891,0.000000000000,53.063220024109,0.000000000000
400,41904432.650024414100,-15.578897476196,0.000000000000,-68.852005004883,0.000000000000,53.273107528687,0.000000000000
401,42426406.871337890600,-15.580504417419,0.000000000000,-68.878906250000,0.000000000000,53.298401832581,0.000000000000
402,42954882.960632324200,-15.580382347107,0.000000000000,-68.790428161621,0.000000000000,53.210045814514,0.000000000000
403,43489941.907104492200,-15.581984519958,0.000000000000,-68.701301574707,0.000000000000,53.119317054749,0.000000000000
404,44031665.708068847700,-15.581750869751,0.000000000000,-68.935997009277,0.000000000000,53.354246139526,0.000000000000
405,44580137.384460449200,-15.583043098450,0.000000000000,-68.838310241699,0.000000000000,53.255267143250,0.000000000000
406,45135440.989013671900,-15.582949638367,0.000000000000,-68.815010070801,0.000000000000,53.232060432434,0.000000000000
407,45697661.622375488300,-15.585151672363,0.000000000000,-68.563316345215,0.000000000000,52.978164672852,0.000000000000
408,46266885.445129394500,-15.585350990295,0.000000000000,-68.611114501953,0.000000000000,53.025763511658,0.000000000000
409,46843199.691101074200,-15.586110115051,0.000000000000,-68.629432678223,0.000000000000,53.043322563171,0.000000000000
410,47426692.679870605500,-15.586443901062,0.000000000000,-68.707847595215,0.000000000000,53.121403694153,0.000000000000
411,48017453.833679199200,-15.587215423584,0.000000000000,-68.576217651367,0.000000000000,52.989002227783,0.000000000000
412,48615573.686218261700,-15.588475227356,0.000000000000,-68.862533569336,0.000000000000,53.274058341980,0.000000000000
413,49221143.899536132800,-15.588258743286,0.000000000000,-68.669509887695,0.000000000000,53.081251144409,0.000000000000
414,49834257.277709960900,-15.589412689209,0.000000000000,-68.606491088867,0.000000000000,53.017078399658,0.000000000000
415,50455007.779663085900,-15.591259956360,0.000000000000,-68.685615539551,0.000000000000,53.094355583191,0.000000000000
416,51083490.537536621100,-15.593316078186,0.000000000000,-68.542160034180,0.000000000000,52.948843955994,0.000000000000
417,51719801.865783691400,-15.592461585999,0.000000000000,-68.619667053223,0.000000000000,53.027205467224,0.000000000000
418,52364039.279296875000,-15.595041275024,0.000000000000,-68.569740295410,0.000000000000,52.974699020386,0.000000000000
419,53016301.507934570300,-15.594201087952,0.000000000000,-68.722427368164,0.000000000000,53.128226280212,0.000000000000
420,53676688.511108398400,-15.595937728882,0.000000000000,-68.674217224121,0.000000000000,53.078279495239,0.000000000000
421,54345301.492614746100,-15.595921516418,0.000000000000,-68.549171447754,0.000000000000,52.953249931335,0.000000000000
422,55022242.919494628900,-15.598158836365,0.000000000000,-68.453598022461,0.000000000000,52.855439186096,0.000000000000
423,55707616.532470703100,-15.599020004272,0.000000000000,-68.632652282715,0.000000000000,53.033632278442,0.000000000000
424,56401527.365356445300,-15.599902153015,0.000000000000,-68.627250671387,0.000000000000,53.027348518372,0.000000000000
425,57104081.760375976600,-15.601400375366,0.000000000000,-68.866737365723,0.000000000000,53.265336990356,0.000000000000
426,57815387.384338378900,-15.601325988770,0.000000000000,-68.740791320801,0.000000000000,53.139465332031,0.000000000000
427,58535553.244201660200,-15.603370666504,0.000000000000,-68.511749267578,0.000000000000,52.908378601074,0.000000000000
428,59264689.707641601600,-15.604230880737,0.000000000000,-68.887359619141,0.000000000000,53.283128738403,0.000000000000
429,60002908.514282226600,-15.605902671814,0.000000000000,-68.651275634766,0.000000000000,53.045372962952,0.000000000000
430,60750322.796508789100,-15.605437278748,0.000000000000,-68.569297790527,0.000000000000,52.963860511780,0.000000000000
431,61507047.095886230500,-15.607660293579,0.000000000000,-68.684127807617,0.000000000000,53.076467514038,0.000000000000
432,62273197.379760742200,-15.608938217163,0.000000000000,-68.556961059570,0.000000000000,52.948022842407,0.000000000000
433,63048891.063171386700,-15.609164237976,0.000000000000,-68.458213806152,0.000000000000,52.849049568176,0.000000000000
434,63834247.020507812500,-15.611663818359,0.000000000000,-68.565345764160,0.000000000000,52.953681945801,0.000000000000
435,64629385.607910156200,-15.611487388611,0.000000000000,-68.571998596191,0.000000000000,52.960511207581,0.000000000000
436,65434428.680786132800,-15.613317489624,0.000000000000,-68.442634582520,0.000000000000,52.829317092896,0.000000000000
437,66249499.612426757800,-15.616027832031,0.000000000000,-68.688446044922,0.000000000000,53.072418212891,0.000000000000
438,67074723.311706543000,-15.616904258728,0.000000000000,-68.545829772949,0.000000000000,52.928925514221,0.000000000000
439,67910226.246826171900,-15.618383407593,0.000000000000,-68.536735534668,0.000000000000,52.918352127075,0.000000000000
440,68756136.457885742200,-15.617337226868,0.000000000000,-68.610565185547,0.000000000000,52.993227958679,0.000000000000
441,69612583.581054687500,-15.619213104248,0.000000000000,-68.601341247559,0.000000000000,52.982128143311,0.000000000000
442,70479698.867187500000,-15.621348381042,0.000000000000,-68.258918762207,0.000000000000,52.637570381165,0.000000000000
443,71357615.201171875000,-15.623313903809,0.000000000000,-68.633583068848,0.000000000000,53.010269165039,0.000000000000
444,72246467.126220703100,-15.623269081116,0.000000000000,-68.507682800293,0.000000000000,52.884413719177,0.000000000000
445,73146390.858398437500,-15.624486923218,0.000000000000,-68.758438110352,0.000000000000,53.133951187134,0.000000000000
446,74057524.311279296900,-15.625970840454,0.000000000000,-68.655227661133,0.000000000000,53.029256820679,0.000000000000
447,74980007.116577148400,-15.627314567566,0.000000000000,-68.527824401855,0.000000000000,52.900509834290,0.000000000000
448,75913980.645385742200,-15.628737449646,0.000000000000,-68.560012817383,0.000000000000,52.931275367737,0.000000000000
449,76859588.028076171900,-15.628498077393,0.000000000000,-68.269927978516,0.000000000000,52.641429901123,0.000000000000
450,77816974.182128906200,-15.629800796509,0.000000000000,-68.406707763672,0.000000000000,52.776906967163,0.000000000000
451,78786285.826293945300,-15.631728172302,0.000000000000,-68.248779296875,0.000000000000,52.617051124573,0.000000000000
452,79767671.507812500000,-15.631898880005,0.000000000000,-68.529365539551,0.000000000000,52.897466659546,0.000000000000
453,80761281.624755859400,-15.635176658630,0.000000000000,-68.542793273926,0.000000000000,52.907616615295,0.000000000000
454,81767268.446777343800,-15.634406089783,0.000000000000,-68.497291564941,0.000000000000,52.862885475159,0.000000000000
455,82785786.144775390600,-15.635421752930,0.000000000000,-68.689300537109,0.000000000000,53.053878784180,0.000000000000
456,83816990.805786132800,-15.637155532837,0.000000000000,-68.498184204102,0.000000000000,52.861028671265,0.000000000000
457,84861040.462158203100,-15.638004302979,0.000000000000,-68.454299926758,0.000000000000,52.816295623779,0.000000000000
458,85918095.115234375000,-15.638799667358,0.000000000000,-68.478706359863,0.000000000000,52.839906692505,0.000000000000
459,86988316.759155273400,-15.640467643738,0.000000000000,-68.434394836426,0.000000000000,52.793927192688,0.000000000000
460,88071869.404418945300,-15.641105651855,0.000000000000,-68.641296386719,0.000000000000,53.000190734863,0.000000000000
461,89168919.108886718800,-15.644053459167,0.000000000000,-68.357002258301,0.000000000000,52.712948799133,0.000000000000
462,90279633.994506835900,-15.643670082092,0.000000000000,-68.428024291992,0.000000000000,52.784354209900,0.000000000000
463,91404184.279052734400,-15.643682479858,0.000000000000,-68.523811340332,0.000000000000,52.880128860474,0.000000000000
464,92542742.300170898400,-15.645709991455,0.000000000000,-68.469398498535,0.000000000000,52.823688507080,0.000000000000
465,93695482.541137695300,-15.646640777588,0.000000000000,-68.516952514648,0.000000000000,52.870311737061,0.000000000000
466,94862581.662841796900,-15.646688461304,0.000000000000,-68.191703796387,0.000000000000,52.545015335083,0.000000000000
467,96044218.522460937500,-15.648867607117,0.000000000000,-68.395881652832,0.000000000000,52.747014045715,0.000000000000
468,97240574.206176757800,-15.650252342224,0.000000000000,-68.431495666504,0.000000000000,52.781243324280,0.000000000000
469,98451832.056396484400,-15.651463508606,0.000000000000,-68.478713989258,0.000000000000,52.827250480652,0.000000000000
470,99678177.698852539100,-15.652342796326,0.000000000000,-68.366661071777,0.000000000000,52.714318275452,0.000000000000
471,100919799.071533203100,-15.653336524963,0.000000000000,-68.264511108398,0.000000000000,52.611174583435,0.000000000000
472,102176886.451904296900,-15.655836105347,0.000000000000,-68.261833190918,0.000000000000,52.605997085571,0.000000000000
473,103449632.494384765600,-15.656577110291,0.000000000000,-68.400642395020,0.000000000000,52.744065284729,0.000000000000
474,104738232.241088867200,-15.658288955688,0.000000000000,-68.158859252930,0.000000000000,52.500570297241,0.000000000000
475,106042883.173828125000,-15.658128738403,0.000000000000,-68.210601806641,0.000000000000,52.552473068237,0.000000000000
476,107363785.234741210900,-15.661987304688,0.000000000000,-68.366950988770,0.000000000000,52.704963684082,0.000000000000
477,108701140.845581054700,-15.664456367493,0.000000000000,-68.184471130371,0.000000000000,52.520014762878,0.000000000000
478,110055154.963989257800,-15.663847923279,0.000000000000,-68.406478881836,0.000000000000,52.742630958557,0.000000000000
479,111426035.085815429700,-15.665414810181,0.000000000000,-68.359619140625,0.000000000000,52.694204330444,0.000000000000
480,112813991.302978515600,-15.666718482971,0.000000000000,-68.405593872070,0.000000000000,52.738875389099,0.000000000000
481,114219236.324218750000,-15.668354034424,0.000000000000,-68.324302673340,0.000000000000,52.655948638916,0.000000000000
482,115641985.496337890600,-15.670200347900,0.000000000000,-68.222427368164,0.000000000000,52.552227020264,0.000000000000
483,117082456.864135742200,-15.672472000122,0.000000000000,-68.189239501953,0.000000000000,52.516767501831,0.000000000000
484,118540871.172729492200,-15.671888351440,0.000000000000,-68.334465026855,0.000000000000,52.662576675415,0.000000000000
485,120017451.928833007800,-15.673935890198,0.000000000000,-68.205474853516,0.000000000000,52.531538963318,0.000000000000
486,121512425.423095703100,-15.676969528198,0.000000000000,-68.105819702148,0.000000000000,52.428850173950,0.000000000000
487,123026020.752929687500,-15.677574157715,0.000000000000,-68.042121887207,0.000000000000,52.364547729492,0.000000000000
488,124558469.885742187500,-15.680184364319,0.000000000000,-68.273437500000,0.000000000000,52.593253135681,0.000000000000
489,126110007.661743164100,-15.681851387024,0.000000000000,-68.220649719238,0.000000000000,52.538798332214,0.000000000000
490,127680871.859252929700,-15.685212135315,0.000000000000,-68.450164794922,0.000000000000,52.764952659607,0.000000000000
491,129271303.218017578100,-15.686859130859,0.000000000000,-68.235603332520,0.000000000000,52.548744201660,0.000000000000
492,130881545.463989257800,-15.686859130859,0.000000000000,-68.183677673340,0.000000000000,52.496818542480,0.000000000000
493,132511845.376342773400,-15.689124107361,0.000000000000,-68.228858947754,0.000000000000,52.539734840393,0.000000000000
494,134162452.790405273400,-15.692811965942,0.000000000000,-68.249404907227,0.000000000000,52.556592941284,0.000000000000
495,135833620.671630859000,-15.694216728210,0.000000000000,-68.071990966797,0.000000000000,52.377774238586,0.000000000000
496,137525605.118164063000,-15.694163322449,0.000000000000,-68.038650512695,0.000000000000,52.344487190247,0.000000000000
497,139238665.432128906000,-15.696604728699,0.000000000000,-68.179054260254,0.000000000000,52.482449531555,0.000000000000
498,140973064.145507812000,-15.697907447815,0.000000000000,-68.132232666016,0.000000000000,52.434325218201,0.000000000000
499,142729067.046142578000,-15.700807571411,0.000000000000,-68.073280334473,0.000000000000,52.372472763062,0.000000000000
500,144506943.252197266000,-15.701862335205,0.000000000000,-68.043319702148,0.000000000000,52.341457366943,0.000000000000
501,146306965.214355469000,-15.702160835266,0.000000000000,-68.145401000977,0.000000000000,52.443240165710,0.000000000000
502,148129408.791503906000,-15.705220222473,0.000000000000,-68.222274780273,0.000000000000,52.517054557800,0.000000000000
503,149974553.279296875000,-15.705444335938,0.000000000000,-67.926841735840,0.000000000000,52.221397399902,0.000000000000
504,151842681.437011719000,-15.706847190857,0.000000000000,-68.061157226563,0.000000000000,52.354310035706,0.000000000000
505,153734079.566162109000,-15.710295677185,0.000000000000,-68.034790039063,0.000000000000,52.324494361877,0.000000000000
506,155649037.514404297000,-15.710252761841,0.000000000000,-68.082374572754,0.000000000000,52.372121810913,0.000000000000
507,157587848.754882812000,-15.712152481079,0.000000000000,-68.120254516602,0.000000000000,52.408102035522,0.000000000000
508,159550810.416748047000,-15.713900566101,0.000000000000,-68.050064086914,0.000000000000,52.336163520813,0.000000000000
509,161538223.314453125000,-15.715163230896,0.000000000000,-67.766876220703,0.000000000000,52.051712989807,0.000000000000
510,163550392.030761719000,-15.717800140381,0.000000000000,-68.024459838867,0.000000000000,52.306659698486,0.000000000000
511,165587624.920410156000,-15.717943191528,0.000000000000,-68.017684936523,0.000000000000,52.299741744995,0.000000000000
512,167650234.201416016000,-15.719950675964,0.000000000000,-68.139556884766,0.000000000000,52.419606208801,0.000000000000
513,169738535.958496094000,-15.720584869385,0.000000000000,-68.085502624512,0.000000000000,52.364917755127,0.000000000000
514,171852850.230712891000,-15.723338127136,0.000000000000,-68.000579833984,0.000000000000,52.277241706848,0.000000000000
515,173993501.043457031000,-15.726149559021,0.000000000000,-68.107200622559,0.000000000000,52.381051063538,0.000000000000
516,176160816.440673828000,-15.726886749268,0.000000000000,-67.831596374512,0.000000000000,52.104709625244,0.000000000000
517,178355128.576904297000,-15.727073669434,0.000000000000,-68.004501342773,0.000000000000,52.277427673340,0.000000000000
518,180576773.718994141000,-15.728867530823,0.000000000000,-67.945327758789,0.000000000000,52.216460227966,0.000000000000
519,182826092.341552734000,-15.732538223267,0.000000000000,-67.720283508301,0.000000000000,51.987745285034,0.000000000000
520,185103429.159912109000,-15.731140136719,0.000000000000,-68.001892089844,0.000000000000,52.270751953125,0.000000000000
521,187409133.164550781000,-15.733053207397,0.000000000000,-67.838584899902,0.000000000000,52.105531692505,0.000000000000
522,189743557.718261719000,-15.734461784363,0.000000000000,-67.767501831055,0.000000000000,52.033040046692,0.000000000000
523,192107060.560302734000,-15.737821578979,0.000000000000,-67.797897338867,0.000000000000,52.060075759888,0.000000000000
524,194500003.904785156000,-15.737792015076,0.000000000000,-67.965751647949,0.000000000000,52.227959632874,0.000000000000
525,196922754.478027344000,-15.740522384644,0.000000000000,-67.905632019043,0.000000000000,52.165109634399,0.000000000000
526,199375683.554931641000,-15.742825508118,0.000000000000,-67.714134216309,0.000000000000,51.971308708191,0.000000000000
527,201859167.061035156000,-15.741606712341,0.000000000000,-67.696304321289,0.000000000000,51.954697608948,0.000000000000
528,204373585.578125000000,-15.744089126587,0.000000000000,-67.744926452637,0.000000000000,52.000837326050,0.000000000000
529,206919324.448730469000,-15.747159004211,0.000000000000,-67.632171630859,0.000000000000,51.885012626648,0.000000000000
530,209496773.815917969000,-15.749913215637,0.000000000000,-67.770256042480,0.000000000000,52.020342826843,0.000000000000
531,212106328.660644531000,-15.750241279602,0.000000000000,-67.644920349121,0.000000000000,51.894679069519,0.000000000000
532,214748388.912841797000,-15.751593589783,0.000000000000,-67.725746154785,0.000000000000,51.974152565002,0.000000000000
533,217423359.455322266000,-15.754704475403,0.000000000000,-67.484657287598,0.000000000000,51.729952812195,0.000000000000
534,220131650.242919922000,-15.755908012390,0.000000000000,-67.662719726563,0.000000000000,51.906811714172,0.000000000000
535,222873676.308105469000,-15.758009910583,0.000000000000,-67.526496887207,0.000000000000,51.768486976624,0.000000000000
536,225649857.875000000000,-15.758745193481,0.000000000000,-67.849517822266,0.000000000000,52.090772628784,0.000000000000
537,228460620.402099609000,-15.759665489197,0.000000000000,-67.576042175293,0.000000000000,51.816376686096,0.000000000000
538,231306394.625488281000,-15.761638641357,0.000000000000,-67.565795898438,0.000000000000,51.804157257080,0.000000000000
539,234187616.676757812000,-15.763552665710,0.000000000000,-67.565338134766,0.000000000000,51.801785469055,0.000000000000
540,237104728.088623047000,-15.765146255493,0.000000000000,-67.639862060547,0.000000000000,51.874715805054,0.000000000000
541,240058175.918212891000,-15.767358779907,0.000000000000,-67.601783752441,0.000000000000,51.834424972534,0.000000000000
542,243048412.790527344000,-15.769110679626,0.000000000000,-67.628623962402,0.000000000000,51.859513282776,0.000000000000
543,246075896.944824219000,-15.769943237305,0.000000000000,-67.755439758301,0.000000000000,51.985496520996,0.000000000000
544,249141092.360839844000,-15.770712852478,0.000000000000,-67.556312561035,0.000000000000,51.785599708557,0.000000000000
545,252244468.764892578000,-15.772032737732,0.000000000000,-67.598274230957,0.000000000000,51.826241493225,0.000000000000
546,255386501.759277344000,-15.775134086609,0.000000000000,-67.637786865234,0.000000000000,51.862652778625,0.000000000000
547,258567672.870605469000,-15.776412010193,0.000000000000,-67.635604858398,0.000000000000,51.859192848206,0.000000000000
548,261788469.597656250000,-15.778132438660,0.000000000000,-67.640945434570,0.000000000000,51.862812995911,0.000000000000
549,265049385.546630859000,-15.780200004578,0.000000000000,-67.689430236816,0.000000000000,51.909230232239,0.000000000000
550,268350920.436767578000,-15.781847000122,0.000000000000,-67.500747680664,0.000000000000,51.718900680542,0.000000000000
551,271693580.248046875000,-15.781994819641,0.000000000000,-67.371917724609,0.000000000000,51.589922904968,0.000000000000
552,275077877.226562500000,-15.784195899963,0.000000000000,-67.450828552246,0.000000000000,51.666632652283,0.000000000000
553,278504330.026367188000,-15.786602020264,0.000000000000,-67.471778869629,0.000000000000,51.685176849365,0.000000000000
554,281973463.762695312000,-15.788803100586,0.000000000000,-67.409416198730,0.000000000000,51.620613098145,0.000000000000
555,285485810.062988281000,-15.790797233582,0.000000000000,-67.593620300293,0.000000000000,51.802823066711,0.000000000000
556,289041907.215332031000,-15.794575691223,0.000000000000,-67.492279052734,0.000000000000,51.697703361511,0.000000000000
557,292642300.173828125000,-15.794885635376,0.000000000000,-67.343284606934,0.000000000000,51.548398971558,0.000000000000
558,296287540.710449219000,-15.799644470215,0.000000000000,-67.337272644043,0.000000000000,51.537628173828,0.000000000000
559,299978187.470214844000,-15.800784111023,0.000000000000,-67.413414001465,0.000000000000,51.612629890442,0.000000000000
560,303714806.025878906000,-15.802195549011,0.000000000000,-67.321540832520,0.000000000000,51.519345283508,0.000000000000
561,307497969.037109375000,-15.804973602295,0.000000000000,-67.434524536133,0.000000000000,51.629550933838,0.000000000000
562,311328256.254394531000,-15.807657241821,0.000000000000,-67.481407165527,0.000000000000,51.673749923706,0.000000000000
563,315206254.682128906000,-15.810144424438,0.000000000000,-67.450843811035,0.000000000000,51.640699386597,0.000000000000
564,319132558.635253906000,-15.812625885010,0.000000000000,-67.325523376465,0.000000000000,51.512897491455,0.000000000000
565,323107769.801269531000,-15.813496589661,0.000000000000,-67.295341491699,0.000000000000,51.481844902039,0.000000000000
566,327132497.404296875000,-15.815000534058,0.000000000000,-67.324142456055,0.000000000000,51.509141921997,0.000000000000
567,331207358.214843750000,-15.818971633911,0.000000000000,-67.227272033691,0.000000000000,51.408300399780,0.000000000000
568,335332976.716796875000,-15.818449974060,0.000000000000,-67.414619445801,0.000000000000,51.596169471741,0.000000000000
569,339509985.176269531000,-15.821773529053,0.000000000000,-67.401916503906,0.000000000000,51.580142974854,0.000000000000
570,343739023.697753906000,-15.823868751526,0.000000000000,-67.284492492676,0.000000000000,51.460623741150,0.000000000000
571,348020740.407714844000,-15.823806762695,0.000000000000,-67.305061340332,0.000000000000,51.481254577637,0.000000000000
572,352355791.457031250000,-15.827013015747,0.000000000000,-67.117568969727,0.000000000000,51.290555953979,0.000000000000
573,356744841.218750000000,-15.828606605530,0.000000000000,-67.219017028809,0.000000000000,51.390410423279,0.000000000000
574,361188562.292480469000,-15.828229904175,0.000000000000,-67.469169616699,0.000000000000,51.640939712524,0.000000000000
575,365687635.693359375000,-15.829835891724,0.000000000000,-67.369506835938,0.000000000000,51.539670944214,0.000000000000
576,370242750.918457031000,-15.832527160645,0.000000000000,-67.320709228516,0.000000000000,51.488182067871,0.000000000000
577,374854606.016601562000,-15.834506034851,0.000000000000,-67.386497497559,0.000000000000,51.551991462708,0.000000000000
578,379523907.782226562000,-15.836984634399,0.000000000000,-67.173011779785,0.000000000000,51.336027145386,0.000000000000
579,384251371.762695312000,-15.838005065918,0.000000000000,-67.325836181641,0.000000000000,51.487831115723,0.000000000000
580,389037722.457031250000,-15.840776443481,0.000000000000,-67.158592224121,0.000000000000,51.317815780640,0.000000000000
581,393883693.388671875000,-15.844114303589,0.000000000000,-67.228378295898,0.000000000000,51.384263992310,0.000000000000
582,398790027.178710938000,-15.845774650574,0.000000000000,-67.505233764648,0.000000000000,51.659459114075,0.000000000000
583,403757475.752441406000,-15.847540855408,0.000000000000,-67.399429321289,0.000000000000,51.551888465881,0.000000000000
584,408786800.346679688000,-15.850836753845,0.000000000000,-67.226898193359,0.000000000000,51.376061439514,0.000000000000
585,413878771.721191406000,-15.852030754089,0.000000000000,-67.099494934082,0.000000000000,51.247464179993,0.000000000000
586,419034170.237304688000,-15.853905677795,0.000000000000,-67.085487365723,0.000000000000,51.231581687927,0.000000000000
587,424253785.934082031000,-15.856988906860,0.000000000000,-67.158576965332,0.000000000000,51.301588058472,0.000000000000
588,429538418.749023438000,-15.858563423157,0.000000000000,-67.235267639160,0.000000000000,51.376704216003,0.000000000000
589,434888878.525390625000,-15.860046386719,0.000000000000,-67.268127441406,0.000000000000,51.408081054688,0.000000000000
590,440305985.239257812000,-15.861807823181,0.000000000000,-67.291885375977,0.000000000000,51.430077552795,0.000000000000
591,445790569.078613281000,-15.864864349365,0.000000000000,-67.252243041992,0.000000000000,51.387378692627,0.000000000000
592,451343470.529296875000,-15.865983963013,0.000000000000,-67.130401611328,0.000000000000,51.264417648315,0.000000000000
593,456965540.606933594000,-15.869463920593,0.000000000000,-67.417480468750,0.000000000000,51.548016548157,0.000000000000
594,462657640.865234375000,-15.871862411499,0.000000000000,-67.290969848633,0.000000000000,51.419107437134,0.000000000000
595,468420643.652343750000,-15.875645637512,0.000000000000,-67.341087341309,0.000000000000,51.465441703796,0.000000000000
596,474255432.121093750000,-15.877567291260,0.000000000000,-67.267570495605,0.000000000000,51.390003204346,0.000000000000
597,480162900.470214844000,-15.880021095276,0.000000000000,-67.294204711914,0.000000000000,51.414183616638,0.000000000000
598,486143954.038574219000,-15.882894515991,0.000000000000,-67.187896728516,0.000000000000,51.305002212524,0.000000000000
599,492199509.393066406000,-15.887547492981,0.000000000000,-67.272659301758,0.000000000000,51.385111808777,0.000000000000
600,498330494.583984375000,-15.889861106873,0.000000000000,-67.366233825684,0.000000000000,51.476372718811,0.000000000000
601,504537849.154785156000,-15.891972541809,0.000000000000,-67.443260192871,0.000000000000,51.551287651062,0.000000000000
602,510822524.400878906000,-15.894537925720,0.000000000000,-67.404647827148,0.000000000000,51.510109901428,0.000000000000
603,517185483.470703125000,-15.895774841309,0.000000000000,-67.212570190430,0.000000000000,51.316795349121,0.000000000000
604,523627701.455566406000,-15.897603988647,0.000000000000,-67.223922729492,0.000000000000,51.326318740845,0.000000000000
605,530150165.663085938000,-15.898451805115,0.000000000000,-67.286582946777,0.000000000000,51.388131141663,0.000000000000
606,536753875.629882812000,-15.901740074158,0.000000000000,-67.434562683105,0.000000000000,51.532822608948,0.000000000000
607,543439843.394531250000,-15.905162811279,0.000000000000,-67.321334838867,0.000000000000,51.416172027588,0.000000000000
608,550209093.604492188000,-15.906637191772,0.000000000000,-67.311126708984,0.000000000000,51.404489517212,0.000000000000
609,557062663.612304687000,-15.910641670227,0.000000000000,-67.275154113770,0.000000000000,51.364512443542,0.000000000000
610,564001603.769531250000,-15.914367675781,0.000000000000,-67.355293273926,0.000000000000,51.440925598145,0.000000000000
611,571026977.434570312000,-15.915954589844,0.000000000000,-67.394355773926,0.000000000000,51.478401184082,0.000000000000
612,578139861.286132812000,-15.921091079712,0.000000000000,-67.355812072754,0.000000000000,51.434720993042,0.000000000000
613,585341345.339843750000,-15.921401023865,0.000000000000,-67.432960510254,0.000000000000,51.511559486389,0.000000000000
614,592632533.246093750000,-15.922701835632,0.000000000000,-67.275230407715,0.000000000000,51.352528572083,0.000000000000
615,600014542.402343750000,-15.926280975342,0.000000000000,-67.413215637207,0.000000000000,51.486934661865,0.000000000000
616,607488504.065429688000,-15.928128242493,0.000000000000,-67.490386962891,0.000000000000,51.562258720398,0.000000000000
617,615055563.664062500000,-15.930072784424,0.000000000000,-67.499801635742,0.000000000000,51.569728851318,0.000000000000
618,622716880.813476562000,-15.933555603027,0.000000000000,-67.610290527344,0.000000000000,51.676734924316,0.000000000000
619,630473629.633789062000,-15.935746192932,0.000000000000,-67.631004333496,0.000000000000,51.695258140564,0.000000000000
620,638326998.873046875000,-15.940666198730,0.000000000000,-67.713088989258,0.000000000000,51.772422790527,0.000000000000
621,646278192.020507812000,-15.941016197205,0.000000000000,-67.599998474121,0.000000000000,51.658982276917,0.000000000000
622,654328427.644531250000,-15.943993568420,0.000000000000,-67.603462219238,0.000000000000,51.659468650818,0.000000000000
623,662478939.403320312000,-15.947742462158,0.000000000000,-67.683677673340,0.000000000000,51.735935211182,0.000000000000
624,670730976.388671875000,-15.949806213379,0.000000000000,-67.541824340820,0.000000000000,51.592018127441,0.000000000000
625,679085803.251953125000,-15.953364372253,0.000000000000,-67.627029418945,0.000000000000,51.673665046692,0.000000000000
626,687544700.330078125000,-15.954480171204,0.000000000000,-67.804542541504,0.000000000000,51.850062370300,0.000000000000
627,696108963.999023438000,-15.957902908325,0.000000000000,-67.653594970703,0.000000000000,51.695692062378,0.000000000000
628,704779906.688476562000,-15.960356712341,0.000000000000,-67.755897521973,0.000000000000,51.795540809631,0.000000000000
629,713558857.249023438000,-15.964079856873,0.000000000000,-67.757537841797,0.000000000000,51.793457984924,0.000000000000
630,722447161.083984375000,-15.969185829163,0.000000000000,-67.754684448242,0.000000000000,51.785498619080,0.000000000000
631,731446180.280273438000,-15.974090576172,0.000000000000,-67.827346801758,0.000000000000,51.853256225586,0.000000000000
632,740557293.993164062000,-15.977338790894,0.000000000000,-67.834991455078,0.000000000000,51.857652664185,0.000000000000
633,749781898.454101562000,-15.977770805359,0.000000000000,-67.876457214355,0.000000000000,51.898686408997,0.000000000000
634,759121407.389648438000,-15.977766990662,0.000000000000,-68.007019042969,0.000000000000,52.029252052307,0.000000000000
635,768577252.032226562000,-15.980896949768,0.000000000000,-67.943077087402,0.000000000000,51.962180137634,0.000000000000
636,778150881.521484375000,-15.982958793640,0.000000000000,-67.901153564453,0.000000000000,51.918194770813,0.000000000000
637,787843763.045898438000,-15.985578536987,0.000000000000,-67.841651916504,0.000000000000,51.856073379517,0.000000000000
638,797657381.992187500000,-15.989041328430,0.000000000000,-67.978607177734,0.000000000000,51.989565849304,0.000000000000
639,807593242.356445312000,-15.993237495422,0.000000000000,-68.134765625000,0.000000000000,52.141528129578,0.000000000000
640,817652866.758789062000,-15.994388580322,0.000000000000,-67.964294433594,0.000000000000,51.969905853271,0.000000000000
641,827837796.870117188000,-15.994984626770,0.000000000000,-68.157760620117,0.000000000000,52.162775993347,0.000000000000
642,838149593.562500000000,-15.999459266663,0.000000000000,-68.399177551270,0.000000000000,52.399718284607,0.000000000000
643,848589837.069335938000,-16.002153396606,0.000000000000,-68.174255371094,0.000000000000,52.172101974487,0.000000000000
644,859160127.418945312000,-16.005970001221,0.000000000000,-68.291252136230,0.000000000000,52.285282135010,0.000000000000
645,869862084.456054688000,-16.009042739868,0.000000000000,-68.045486450195,0.000000000000,52.036443710327,0.000000000000
646,880697348.291015625000,-16.011808395386,0.000000000000,-68.384780883789,0.000000000000,52.372972488403,0.000000000000
647,891667579.461914062000,-16.015583038330,0.000000000000,-68.295722961426,0.000000000000,52.280139923096,0.000000000000
648,902774459.102539062000,-16.021615982056,0.000000000000,-68.360725402832,0.000000000000,52.339109420776,0.000000000000
649,914019689.408203125000,-16.023719787598,0.000000000000,-68.447341918945,0.000000000000,52.423622131348,0.000000000000
650,925404993.655273438000,-16.028171539307,0.000000000000,-68.369903564453,0.000000000000,52.341732025146,0.000000000000
651,936932116.708984375000,-16.030481338501,0.000000000000,-68.342391967773,0.000000000000,52.311910629272,0.000000000000
652,948602825.043945312000,-16.030969619751,0.000000000000,-68.382804870605,0.000000000000,52.351835250854,0.000000000000
653,960418907.233398437000,-16.031261444092,0.000000000000,-68.483909606934,0.000000000000,52.452648162842,0.000000000000
654,972382174.129882812000,-16.037136077881,0.000000000000,-68.509803771973,0.000000000000,52.472667694092,0.000000000000
655,984494459.045898438000,-16.038003921509,0.000000000000,-68.288452148438,0.000000000000,52.250448226929,0.000000000000
656,996757618.260742188000,-16.041362762451,0.000000000000,-68.331871032715,0.000000000000,52.290508270264,0.000000000000
657,1009173531.042968750000,-16.044628143311,0.000000000000,-68.519065856934,0.000000000000,52.474437713623,0.000000000000
658,1021744100.169921875000,-16.048360824585,0.000000000000,-68.570152282715,0.000000000000,52.521791458130,0.000000000000
659,1034471252.122070312000,-16.053785324097,0.000000000000,-68.237129211426,0.000000000000,52.183343887329,0.000000000000
660,1047356937.274414062000,-16.057447433472,0.000000000000,-68.307441711426,0.000000000000,52.249994277954,0.000000000000
661,1060403130.432617188000,-16.060007095337,0.000000000000,-68.361534118652,0.000000000000,52.301527023315,0.000000000000
662,1073611830.862304688000,-16.061502456665,0.000000000000,-68.497467041016,0.000000000000,52.435964584351,0.000000000000
663,1086985062.839843750000,-16.063865661621,0.000000000000,-68.079360961914,0.000000000000,52.015495300293,0.000000000000
664,1100524875.853515620000,-16.065853118896,0.000000000000,-68.067565917969,0.000000000000,52.001712799072,0.000000000000
665,1114233344.816406250000,-16.069896697998,0.000000000000,-67.925735473633,0.000000000000,51.855838775635,0.000000000000
666,1128112570.630859380000,-16.074861526489,0.000000000000,-67.890808105469,0.000000000000,51.815946578979,0.000000000000
667,1142164680.218750000000,-16.078926086426,0.000000000000,-67.980125427246,0.000000000000,51.901199340820,0.000000000000
668,1156391827.111328120000,-16.079629898071,0.000000000000,-67.773361206055,0.000000000000,51.693731307983,0.000000000000
669,1170796191.666015620000,-16.080354690552,0.000000000000,-67.576232910156,0.000000000000,51.495878219604,0.000000000000
670,1185379981.281250000000,-16.083211898804,0.000000000000,-67.343002319336,0.000000000000,51.259790420532,0.000000000000
671,1200145431.005859380000,-16.089101791382,0.000000000000,-67.158630371094,0.000000000000,51.069528579712,0.000000000000
672,1215094803.576171880000,-16.095340728760,0.000000000000,-67.033470153809,0.000000000000,50.938129425049,0.000000000000
673,1230230390.068359370000,-16.097793579102,0.000000000000,-66.743316650391,0.000000000000,50.645523071289,0.000000000000
674,1245554509.939453120000,-16.099761962891,0.000000000000,-66.401153564453,0.000000000000,50.301391601563,0.000000000000
675,1261069511.658203120000,-16.104022979736,0.000000000000,-66.436714172363,0.000000000000,50.332691192627,0.000000000000
676,1276777772.949218750000,-16.106977462769,0.000000000000,-66.070259094238,0.000000000000,49.963281631470,0.000000000000
677,1292681701.025390620000,-16.112535476685,0.000000000000,-65.953788757324,0.000000000000,49.841253280640,0.000000000000
678,1308783733.259765630000,-16.115413665771,0.000000000000,-65.594245910645,0.000000000000,49.478832244873,0.000000000000
679,1325086337.207031250000,-16.118598937988,0.000000000000,-65.375343322754,0.000000000000,49.256744384766,0.000000000000
680,1341592011.294921880000,-16.120458602905,0.000000000000,-65.172447204590,0.000000000000,49.051988601685,0.000000000000
681,1358303285.070312500000,-16.119756698608,0.000000000000,-65.119483947754,0.000000000000,48.999727249146,0.000000000000
682,1375222719.455078130000,-16.125156402588,0.000000000000,-64.560295104980,0.000000000000,48.435138702393,0.000000000000
683,1392352907.449218750000,-16.128025054932,0.000000000000,-64.343551635742,0.000000000000,48.215526580811,0.000000000000
684,1409696474.173828120000,-16.126575469971,0.000000000000,-64.189506530762,0.000000000000,48.062931060791,0.000000000000
685,1427256077.583984380000,-16.129814147949,0.000000000000,-63.830772399902,0.000000000000,47.700958251953,0.000000000000
686,1445034408.744140620000,-16.140592575073,0.000000000000,-63.643505096436,0.000000000000,47.502912521362,0.000000000000
687,1463034192.099609380000,-16.146434783936,0.000000000000,-63.584171295166,0.000000000000,47.437736511230,0.000000000000
688,1481258186.220703120000,-16.145191192627,0.000000000000,-63.410518646240,0.000000000000,47.265327453613,0.000000000000
689,1499709183.845703120000,-16.144960403442,0.000000000000,-63.216564178467,0.000000000000,47.071603775024,0.000000000000
690,1518390012.648437500000,-16.151416778564,0.000000000000,-62.781974792480,0.000000000000,46.630558013916,0.000000000000
691,1537303535.527343750000,-16.156324386597,0.000000000000,-62.689159393311,0.000000000000,46.532835006714,0.000000000000
692,1556452650.884765620000,-16.164361953735,0.000000000000,-62.709091186523,0.000000000000,46.544729232788,0.000000000000
693,1575840293.439453120000,-16.159706115723,0.000000000000,-62.502315521240,0.000000000000,46.342609405518,0.000000000000
694,1595469434.248046880000,-16.157215118408,0.000000000000,-62.426109313965,0.000000000000,46.268894195557,0.000000000000
695,1615343081.595703120000,-16.161289215088,0.000000000000,-62.229907989502,0.000000000000,46.068618774414,0.000000000000
696,1635464281.017578120000,-16.168855667114,0.000000000000,-62.293476104736,0.000000000000,46.124620437622,0.000000000000
697,1655836116.154296880000,-16.168899536133,0.000000000000,-62.176704406738,0.000000000000,46.007804870605,0.000000000000
698,1676461709.056640620000,-16.174577713013,0.000000000000,-62.054218292236,0.000000000000,45.879640579224,0.000000000000
699,1697344220.492187500000,-16.185876846313,0.000000000000,-62.351848602295,0.000000000000,46.165971755981,0.000000000000
700,1718486850.830078120000,-16.188438415527,0.000000000000,-62.127536773682,0.000000000000,45.939098358154,0.000000000000
701,1739892840.074218750000,-16.196098327637,0.000000000000,-62.003360748291,0.000000000000,45.807262420654,0.000000000000
702,1761565468.763671880000,-16.201961517334,0.000000000000,-61.954128265381,0.000000000000,45.752166748047,0.000000000000
703,1783508058.292968750000,-16.213918685913,0.000000000000,-61.885177612305,0.000000000000,45.671258926392,0.000000000000
704,1805723971.261718750000,-16.225999832153,0.000000000000,-61.641120910645,0.000000000000,45.415121078491,0.000000000000
705,1828216612.386718750000,-16.231565475464,0.000000000000,-61.395828247070,0.000000000000,45.164262771606,0.000000000000
706,1850989428.554687500000,-16.236116409302,0.000000000000,-61.184120178223,0.000000000000,44.948003768921,0.000000000000
707,1874045909.773437500000,-16.231441497803,0.000000000000,-60.813713073730,0.000000000000,44.582271575928,0.000000000000
708,1897389589.523437500000,-16.225463867188,0.000000000000,-60.339912414551,0.000000000000,44.114448547363,0.000000000000
709,1921024045.107421880000,-16.234077453613,0.000000000000,-59.865047454834,0.000000000000,43.630970001221,0.000000000000
710,1944952898.646484380000,-16.245689392090,0.000000000000,-59.443267822266,0.000000000000,43.197578430176,0.000000000000
711,1969179817.119140620000,-16.259222030640,0.000000000000,-59.124790191650,0.000000000000,42.865568161011,0.000000000000
712,1993708513.443359380000,-16.258289337158,0.000000000000,-58.923797607422,0.000000000000,42.665508270264,0.000000000000
713,2018542746.521484370000,-16.257059097290,0.000000000000,-58.825195312500,0.000000000000,42.568136215210,0.000000000000
714,2043686322.281250000000,-16.262277603149,0.000000000000,-58.977954864502,0.000000000000,42.715677261353,0.000000000000
715,2069143094.052734380000,-16.266967773438,0.000000000000,-59.079029083252,0.000000000000,42.812061309814,0.000000000000
716,2094916962.962890620000,-16.280225753784,0.000000000000,-59.190605163574,0.000000000000,42.910379409790,0.000000000000
717,2121011879.009765630000,-16.289331436157,0.000000000000,-59.315273284912,0.000000000000,43.025941848755,0.000000000000
718,2147431841.111328120000,-16.296184539795,0.000000000000,-59.591308593750,0.000000000000,43.295124053955,0.000000000000
719,2174180898.210937500000,-16.303680419922,0.000000000000,-59.718265533447,0.000000000000,43.414585113525,0.000000000000
720,2201263149.687500000000,-16.308692932129,0.000000000000,-60.046108245850,0.000000000000,43.737415313721,0.000000000000
721,2228682745.757812500000,-16.319814682007,0.000000000000,-60.280815124512,0.000000000000,43.961000442505,0.000000000000
722,2256443888.648437500000,-16.327157974243,0.000000000000,-60.783622741699,0.000000000000,44.456464767456,0.000000000000
723,2284550832.609375000000,-16.336311340332,0.000000000000,-61.097908020020,0.000000000000,44.761596679688,0.000000000000
724,2313007885.117187500000,-16.341466903687,0.000000000000,-61.745906829834,0.000000000000,45.404439926147,0.000000000000
725,2341819407.316406250000,-16.353099822998,0.000000000000,-62.546665191650,0.000000000000,46.193565368652,0.000000000000
726,2370989814.421875000000,-16.361518859863,0.000000000000,-63.179679870605,0.000000000000,46.818161010742,0.000000000000
727,2400523576.976562500000,-16.375028610229,0.000000000000,-65.100173950195,0.000000000000,48.725145339966,0.000000000000
728,2430425220.882812500000,-16.384271621704,0.000000000000,-68.501487731934,0.000000000000,52.117216110229,0.000000000000
729,2460699328.664062500000,-16.393894195557,0.000000000000,-67.596817016602,0.000000000000,51.202922821045,0.000000000000
730,2491350539.921875000000,-16.393470764160,0.000000000000,-66.938865661621,0.000000000000,50.545394897461,0.000000000000
731,2522383551.804687500000,-16.408012390137,0.000000000000,-64.964698791504,0.000000000000,48.556686401367,0.000000000000
732,2553803120.308593750000,-16.411596298218,0.000000000000,-63.878917694092,0.000000000000,47.467321395874,0.000000000000
733,2585614060.320312500000,-16.420566558838,0.000000000000,-63.580951690674,0.000000000000,47.160385131836,0.000000000000
734,2617821247.062500000000,-16.422163009644,0.000000000000,-62.913776397705,0.000000000000,46.491613388062,0.000000000000
735,2650429616.125000000000,-16.432451248169,0.000000000000,-62.664726257324,0.000000000000,46.232275009155,0.000000000000
736,2683444164.843750000000,-16.442373275757,0.000000000000,-63.111907958984,0.000000000000,46.669534683228,0.000000000000
737,2716869952.804687500000,-16.447494506836,0.000000000000,-63.412487030029,0.000000000000,46.964992523193,0.000000000000
738,2750712102.347656250000,-16.457647323608,0.000000000000,-63.724258422852,0.000000000000,47.266611099243,0.000000000000
739,2784975799.976562500000,-16.469102859497,0.000000000000,-63.048694610596,0.000000000000,46.579591751099,0.000000000000
740,2819666296.441406250000,-16.483142852783,0.000000000000,-62.695407867432,0.000000000000,46.212265014648,0.000000000000
741,2854788908.167968750000,-16.498043060303,0.000000000000,-63.680393218994,0.000000000000,47.182350158691,0.000000000000
742,2890349017.808593750000,-16.501728057861,0.000000000000,-63.725212097168,0.000000000000,47.223484039307,0.000000000000
743,2926352074.777343750000,-16.508464813232,0.000000000000,-64.524543762207,0.000000000000,48.016078948975,0.000000000000
744,2962803596.753906250000,-16.504550933838,0.000000000000,-65.659912109375,0.000000000000,49.155361175537,0.000000000000
745,2999709169.757812500000,-16.511978149414,0.000000000000,-67.775535583496,0.000000000000,51.263557434082,0.000000000000
746,3037074449.679687500000,-16.499053955078,0.000000000000,-72.051979064941,0.000000000000,55.552925109863,0.000000000000
747,3074905162.875000000000,-16.505851745605,0.000000000000,-85.135101318359,0.000000000000,68.629249572754,0.000000000000
748,3113207106.714843750000,-16.524713516235,0.000000000000,-75.742355346680,0.000000000000,59.217641830444,0.000000000000
749,3151986151.195312500000,-16.528154373169,0.000000000000,-71.083915710449,0.000000000000,54.555761337280,0.000000000000
750,3191248239.015625000000,-16.541622161865,0.000000000000,-68.689620971680,0.000000000000,52.147998809814,0.000000000000
751,3230999387.320312500000,-16.558582305908,0.000000000000,-67.861335754395,0.000000000000,51.302753448486,0.000000000000
752,3271245687.781250000000,-16.573369979858,0.000000000000,-67.722145080566,0.000000000000,51.148775100708,0.000000000000
753,3311993308.269531250000,-16.575998306274,0.000000000000,-68.639938354492,0.000000000000,52.063940048218,0.000000000000
754,3353248493.488281250000,-16.582361221313,0.000000000000,-69.983398437500,0.000000000000,53.401037216187,0.000000000000
755,3395017565.597656250000,-16.589969635010,0.000000000000,-71.530693054199,0.000000000000,54.940723419189,0.000000000000
756,3437306925.949218750000,-16.592679977417,0.000000000000,-74.835952758789,0.000000000000,58.243272781372,0.000000000000
757,3480123055.179687500000,-16.595642089844,0.000000000000,-76.870483398438,0.000000000000,60.274841308594,0.000000000000
758,3523472515.000000000000,-16.598009109497,0.000000000000,-70.461723327637,0.000000000000,53.863714218140,0.000000000000
759,3567361948.855468750000,-16.606409072876,0.000000000000,-64.777519226074,0.000000000000,48.171110153198,0.000000000000
760,3611798082.582031250000,-16.614992141724,0.000000000000,-60.347747802734,0.000000000000,43.732755661011,0.000000000000
761,3656787726.281250000000,-16.624568939209,0.000000000000,-56.870426177979,0.000000000000,40.245857238770,0.000000000000
762,3702337774.398437500000,-16.640319824219,0.000000000000,-53.744354248047,0.000000000000,37.104034423828,0.000000000000
763,3748455207.617187500000,-16.652805328369,0.000000000000,-51.260761260986,0.000000000000,34.607955932617,0.000000000000
764,3795147093.585937500000,-16.664394378662,0.000000000000,-49.213554382324,0.000000000000,32.549160003662,0.000000000000
765,3842420587.605468750000,-16.675764083862,0.000000000000,-48.787078857422,0.000000000000,32.111314773560,0.000000000000
766,3890282934.625000000000,-16.683065414429,0.000000000000,-49.645198822021,0.000000000000,32.962133407593,0.000000000000
767,3938741469.304687500000,-16.688531875610,0.000000000000,-51.437091827393,0.000000000000,34.748559951782,0.000000000000
768,3987803618.074218750000,-16.700124740601,0.000000000000,-52.425495147705,0.000000000000,35.725370407104,0.000000000000
769,4037476899.863281250000,-16.708106994629,0.000000000000,-52.514205932617,0.000000000000,35.806098937988,0.000000000000
770,4087768926.859375000000,-16.714315414429,0.000000000000,-52.638530731201,0.000000000000,35.924215316772,0.000000000000
771,4138687406.617187500000,-16.725011825562,0.000000000000,-53.039833068848,0.000000000000,36.314821243286,0.000000000000
772,4190240142.136718750000,-16.723943710327,0.000000000000,-53.834072113037,0.000000000000,37.110128402710,0.000000000000
773,4242435034.183593750000,-16.730138778687,0.000000000000,-54.734764099121,0.000000000000,38.004625320435,0.000000000000
774,4295280081.367187500000,-16.730960845947,0.000000000000,-55.125041961670,0.000000000000,38.394081115723,0.000000000000
775,4348783382.351562500000,-16.741306304932,0.000000000000,-54.688644409180,0.000000000000,37.947338104248,0.000000000000
776,4402953136.703125000000,-16.766700744629,0.000000000000,-53.879306793213,0.000000000000,37.112606048584,0.000000000000
777,4457797645.671875000000,-16.792352676392,0.000000000000,-53.004364013672,0.000000000000,36.212011337280,0.000000000000
778,4513325314.484375000000,-16.804231643677,0.000000000000,-52.886352539063,0.000000000000,36.082120895386,0.000000000000
779,4569544652.500000000000,-16.808418273926,0.000000000000,-54.038948059082,0.000000000000,37.230529785156,0.000000000000
780,4626464275.507812500000,-16.820095062256,0.000000000000,-54.815677642822,0.000000000000,37.995582580566,0.000000000000
781,4684092906.617187500000,-16.823694229126,0.000000000000,-55.176807403564,0.000000000000,38.353113174438,0.000000000000
782,4742439377.140625000000,-16.822525024414,0.000000000000,-55.466182708740,0.000000000000,38.643657684326,0.000000000000
783,4801512629.007812500000,-16.822345733643,0.000000000000,-55.100498199463,0.000000000000,38.278152465820,0.000000000000
784,4861321714.921875000000,-16.826930999756,0.000000000000,-56.547653198242,0.000000000000,39.720722198486,0.000000000000
785,4921875800.796875000000,-16.857593536377,0.000000000000,-55.809810638428,0.000000000000,38.952217102051,0.000000000000
786,4983184166.757812500000,-16.869930267334,0.000000000000,-53.453380584717,0.000000000000,36.583450317383,0.000000000000
787,5045256208.000000000000,-16.882926940918,0.000000000000,-50.569522857666,0.000000000000,33.686595916748,0.000000000000
788,5108101437.437500000000,-16.914848327637,0.000000000000,-49.403785705566,0.000000000000,32.488937377930,0.000000000000
789,5171729485.789062500000,-16.934106826782,0.000000000000,-48.024726867676,0.000000000000,31.090620040894,0.000000000000
790,5236150104.250000000000,-16.943347930908,0.000000000000,-48.268169403076,0.000000000000,31.324821472168,0.000000000000
791,5301373165.500000000000,-16.968202590942,0.000000000000,-48.706623077393,0.000000000000,31.738420486450,0.000000000000
792,5367408664.640625000000,-17.008869171143,0.000000000000,-43.631687164307,0.000000000000,26.622817993164,0.000000000000
793,5434266722.007812500000,-17.029357910156,0.000000000000,-44.664417266846,0.000000000000,27.635059356689,0.000000000000
794,5501957583.281250000000,-17.031398773193,0.000000000000,-45.154968261719,0.000000000000,28.123569488525,0.000000000000
795,5570491622.460937500000,-17.018058776855,0.000000000000,-45.268470764160,0.000000000000,28.250411987305,0.000000000000
796,5639879342.078125000000,-17.005769729614,0.000000000000,-45.466907501221,0.000000000000,28.461137771606,0.000000000000
797,5710131376.000000000000,-17.018594741821,0.000000000000,-45.792339324951,0.000000000000,28.773744583130,0.000000000000
798,5781258490.585937500000,-17.045082092285,0.000000000000,-45.622791290283,0.000000000000,28.577709197998,0.000000000000
799,5853271585.718750000000,-17.099550247192,0.000000000000,-45.310077667236,0.000000000000,28.210527420044,0.000000000000
800,5926181697.828125000000,-17.133340835571,0.000000000000,-45.563526153564,0.000000000000,28.430185317993,0.000000000000
801,6000000000.031250000000,-17.102527618408,0.000000000000,-46.418437957764,0.000000000000,29.315910339355,0.000000000000
